Key Set     Super Fast  Book Hash   Cat Hash    My Hash
aeneid              16748   17916   18682   16554
confucian-analects  3108    3168.02 3103.99 3302.06
coords              3144.41 3145.75 3169.45 2953.65
divine-comedy       3048.65 3080.66 3185.06 3009.26
localities          3195.31 3070.15 3134.79 3181.48
location            5548.67 5963.37 5709.64 5770.94
origin              3071.24 3054.42 3109.8  3109.1
uid                 3240.36 2978.6  3124.05 3045.04
war-and-peace       3272.21 3196.84 3120.75 3206.44

aeneid              16748   17916   18682   16554   Avg: 17475
                    16682   16630   16446   16786   Avg: 16636
                    2434.89 2305.09 2407.44 2436.89 Avg: 2396.1   
aeneid              -4.16   2.52    6.91    -5.27
                    0.28    0.04    -1.14   0.90 
                    1.62    -3.80   0.47    1.70
