Expected Value: 5.3312
Capacity: 3119
Super Fast Hash
1 82
2 190
3 376
4 574
5 526
6 477
7 358
8 209
9 152
10 87
11 39
12 18
13 8
14 5
15 1
X^2: 3166.81
Book Hash
1 87
2 221
3 385
4 493
5 560
6 451
7 355
8 252
9 142
10 91
11 44
12 12
13 8
15 3
X^2: 3210.7
Cat Hash
1 78
2 198
3 349
4 499
5 580
6 508
7 380
8 258
9 142
10 62
11 26
12 8
13 10
14 1
15 1
X^2: 2884.7
My Hash
1 73
2 189
3 402
4 529
5 532
6 484
7 362
8 263
9 140
10 69
11 38
12 14
13 9
X^2: 2988.61
Expected Value: 0.999679
Capacity: 3119
Super Fast Hash
1 1146
2 587
3 174
4 54
5 12
X^2: 3108
Book Hash
1 1145
2 556
3 200
4 52
5 7
6 3
X^2: 3168.02
Cat Hash
1 1190
2 550
3 186
4 53
5 8
6 3
X^2: 3103.99
My Hash
1 1109
2 584
3 175
4 55
5 13
6 4
7 1
X^2: 3302.06
Expected Value: 50.9647
Capacity: 3119
Super Fast Hash
28 1
30 4
31 3
32 3
33 7
34 5
35 13
36 19
37 20
38 27
39 56
40 61
41 60
42 69
43 93
44 130
45 132
46 138
47 176
48 157
49 167
50 178
51 164
52 181
53 158
54 148
55 140
56 143
57 116
58 100
59 77
60 79
61 57
62 51
63 47
64 29
65 30
66 25
67 16
68 14
69 2
70 8
71 2
72 1
73 5
74 2
75 1
76 1
77 1
79 2
X^2: 3144.41
Book Hash
28 1
30 1
31 5
32 6
33 10
34 9
35 20
36 18
37 13
38 28
39 33
40 55
41 74
42 88
43 102
44 101
45 128
46 130
47 178
48 178
49 150
50 168
51 188
52 178
53 170
54 149
55 137
56 135
57 116
58 97
59 79
60 73
61 65
62 47
63 45
64 37
65 24
66 22
67 18
68 16
69 12
70 5
71 1
72 2
73 3
74 1
75 1
76 1
79 1
X^2: 3145.75
Cat Hash
29 1
31 4
32 4
33 6
34 8
35 15
36 22
37 24
38 28
39 36
40 62
41 80
42 104
43 90
44 122
45 122
46 150
47 134
48 153
49 161
50 153
51 172
52 170
53 166
54 168
55 141
56 135
57 126
58 106
59 84
60 75
61 59
62 54
63 45
64 38
65 33
66 19
67 11
68 13
69 10
70 4
71 1
72 2
73 4
75 2
77 2
X^2: 3169.45
My Hash
29 1
30 3
31 1
33 2
34 10
35 8
36 17
37 22
38 29
39 43
40 71
41 57
42 91
43 106
44 102
45 127
46 143
47 147
48 180
49 181
50 185
51 145
52 174
53 161
54 154
55 156
56 137
57 119
58 100
59 87
60 89
61 60
62 42
63 40
64 40
65 27
66 15
67 18
68 10
69 8
70 5
71 2
72 2
73 1
76 1
X^2: 2953.65
Expected Value: 4.06124
Capacity: 3119
Super Fast Hash
1 199
2 462
3 603
4 593
5 520
6 353
7 184
8 78
9 46
10 18
11 8
12 2
13 1
14 1
X^2: 3048.65
Book Hash
1 209
2 445
3 616
4 612
5 496
6 342
7 173
8 96
9 53
10 18
11 4
12 5
X^2: 3080.66
Cat Hash
1 242
2 464
3 581
4 590
5 478
6 343
7 215
8 97
9 35
10 20
11 7
12 5
13 1
X^2: 3185.06
My Hash
1 218
2 461
3 561
4 594
5 513
6 385
7 187
8 89
9 39
10 15
11 3
12 2
14 1
X^2: 3009.26
Expected Value: 51.0539
Capacity: 3119
Super Fast Hash
31 2
32 3
33 6
34 11
35 16
36 13
37 19
38 46
39 45
40 62
41 58
42 84
43 100
44 102
45 123
46 153
47 166
48 173
49 160
50 152
51 169
52 163
53 169
54 149
55 159
56 123
57 124
58 99
59 87
60 70
61 65
62 54
63 44
64 36
65 28
66 19
67 16
68 16
69 13
70 8
71 2
72 3
73 3
74 2
75 3
76 1
X^2: 3195.31
Book Hash
26 1
28 1
30 4
32 3
33 2
34 9
35 9
36 19
37 22
38 25
39 48
40 51
41 73
42 71
43 94
44 122
45 123
46 184
47 151
48 157
49 173
50 160
51 187
52 156
53 162
54 137
55 150
56 118
57 111
58 117
59 94
60 78
61 61
62 63
63 49
64 41
65 32
66 16
67 11
68 10
69 8
70 7
71 4
74 2
75 1
77 1
79 1
X^2: 3070.15
Cat Hash
27 1
28 1
30 2
31 1
32 2
33 4
34 11
35 11
36 19
37 28
38 36
39 35
40 58
41 72
42 76
43 95
44 104
45 144
46 143
47 153
48 170
49 161
50 156
51 169
52 198
53 145
54 150
55 146
56 122
57 122
58 122
59 70
60 80
61 56
62 77
63 45
64 35
65 33
66 14
67 19
68 4
69 13
70 4
71 5
72 3
74 1
75 1
81 2
X^2: 3134.79
My Hash
28 2
30 2
31 2
32 8
33 5
34 6
35 12
36 16
37 27
38 29
39 40
40 60
41 70
42 82
43 113
44 115
45 132
46 142
47 154
48 158
49 136
50 157
51 179
52 161
53 147
54 170
55 149
56 138
57 118
58 121
59 89
60 82
61 70
62 47
63 42
64 35
65 30
66 15
67 18
68 12
69 9
70 3
71 5
72 3
73 3
74 3
75 1
76 1
X^2: 3181.48
Expected Value: 51.0539
Capacity: 3119
Super Fast Hash
25 2
26 1
27 2
28 1
29 2
30 7
31 8
32 8
33 19
34 28
35 29
36 25
37 34
38 51
39 78
40 85
41 92
42 91
43 105
44 116
45 120
46 137
47 146
48 129
49 132
50 144
51 138
52 132
53 127
54 114
55 126
56 89
57 99
58 91
59 76
60 74
61 51
62 54
63 48
64 40
65 39
66 38
67 30
68 15
69 26
70 18
71 20
72 12
73 9
74 4
75 12
76 9
77 5
78 2
79 5
80 1
81 4
82 4
83 3
84 1
86 3
87 3
88 1
91 1
95 1
102 1
103 1
X^2: 5548.67
Book Hash
27 3
28 2
29 5
30 6
31 7
32 14
33 15
34 25
35 38
36 53
37 51
38 46
39 60
40 73
41 96
42 91
43 102
44 110
45 128
46 130
47 136
48 144
49 146
50 123
51 129
52 134
53 119
54 115
55 98
56 103
57 99
58 89
59 68
60 63
61 62
62 62
63 60
64 44
65 42
66 30
67 32
68 27
69 17
70 12
71 21
72 13
73 10
74 6
75 4
76 5
77 5
78 9
79 5
80 3
81 1
82 5
83 3
84 2
85 3
86 2
87 3
89 1
91 2
92 1
94 2
95 1
97 1
104 1
110 1
X^2: 5963.37
Cat Hash
22 1
25 1
26 1
27 3
28 5
29 4
30 11
31 14
32 9
33 15
34 27
35 32
36 36
37 48
38 42
39 55
40 73
41 95
42 104
43 99
44 114
45 135
46 143
47 127
48 107
49 144
50 142
51 144
52 129
53 124
54 106
55 113
56 93
57 70
58 90
59 81
60 76
61 58
62 60
63 66
64 44
65 45
66 40
67 32
68 25
69 28
70 6
71 16
72 15
73 12
74 8
75 12
76 8
77 8
78 4
79 2
81 3
82 2
83 2
84 2
86 2
87 1
88 1
89 1
92 1
95 1
104 1
X^2: 5709.64
My Hash
23 1
24 1
27 3
28 5
29 4
30 5
31 9
32 11
33 23
34 23
35 27
36 39
37 41
38 62
39 70
40 65
41 81
42 107
43 91
44 137
45 128
46 129
47 123
48 125
49 138
50 132
51 135
52 122
53 126
54 120
55 105
56 126
57 99
58 81
59 73
60 82
61 57
62 54
63 61
64 44
65 39
66 26
67 25
68 22
69 16
70 16
71 14
72 19
73 13
74 8
75 7
76 4
77 8
78 5
79 3
80 1
81 5
82 2
83 4
84 3
85 2
86 1
87 1
88 2
89 2
91 2
92 2
95 1
104 1
X^2: 5770.94
Expected Value: 2.85316
Capacity: 3119
Super Fast Hash
1 523
2 720
3 704
4 504
5 276
6 137
7 58
8 18
9 4
10 2
X^2: 3071.24
Book Hash
1 500
2 752
3 726
4 500
5 263
6 117
7 65
8 20
9 7
10 1
12 1
X^2: 3054.42
Cat Hash
1 513
2 742
3 680
4 510
5 280
6 125
7 63
8 23
9 3
10 2
X^2: 3109.8
My Hash
1 522
2 746
3 696
4 502
5 287
6 112
7 56
8 23
9 7
10 3
13 1
X^2: 3109.1
Expected Value: 51.0539
Capacity: 3119
Super Fast Hash
1 2
3 8
4 6
5 16
6 21
7 22
8 32
9 48
10 47
11 44
12 55
13 45
14 43
15 67
16 57
17 71
18 55
19 48
20 54
21 53
22 67
23 56
24 53
25 61
26 44
27 52
28 55
29 62
30 51
31 50
32 44
33 48
34 45
35 41
36 52
37 31
38 40
39 44
40 40
41 31
42 35
43 29
44 29
45 23
46 24
47 26
48 29
49 24
50 27
51 29
52 24
53 34
54 21
55 23
56 23
57 18
58 22
59 22
60 22
61 9
62 17
63 19
64 18
65 18
66 20
67 11
68 18
69 12
70 6
71 15
72 9
73 15
74 11
75 16
76 15
77 9
78 14
79 15
80 15
81 9
82 8
83 9
84 7
85 10
86 8
87 13
88 9
89 7
90 12
91 12
92 10
93 11
94 10
95 14
96 7
97 8
98 7
99 11
100 7
101 9
102 14
103 7
104 4
105 7
106 10
107 7
108 5
109 8
110 8
111 7
112 3
113 3
114 8
115 3
116 5
117 9
118 5
119 6
120 7
121 5
122 5
123 9
124 8
125 6
126 5
127 4
128 1
129 8
130 6
131 7
132 10
133 6
134 4
135 3
136 5
137 5
138 9
139 7
140 4
141 3
142 1
143 6
144 6
145 4
146 5
147 3
148 2
149 4
150 2
151 3
152 1
153 3
154 3
155 3
156 3
157 3
158 2
159 1
160 4
161 1
162 1
163 1
164 4
165 1
166 4
167 1
168 4
169 2
171 3
172 1
174 3
176 1
178 3
179 1
180 1
182 1
183 2
184 1
185 1
186 2
187 1
188 1
189 3
190 2
191 3
192 1
193 2
194 1
195 2
196 1
197 1
200 1
206 1
209 1
210 1
213 1
216 2
217 1
219 2
220 2
223 1
224 1
226 1
227 1
229 1
232 1
236 1
242 1
244 1
262 1
263 1
266 1
268 1
269 1
273 1
277 1
281 1
290 1
291 1
328 1
X^2: 115527
Book Hash
3 1
4 3
5 5
6 8
7 17
8 16
9 23
10 27
11 39
12 33
13 41
14 45
15 55
16 45
17 50
18 38
19 47
20 62
21 67
22 42
23 55
24 64
25 50
26 65
27 71
28 66
29 63
30 69
31 62
32 40
33 64
34 65
35 55
36 49
37 60
38 45
39 53
40 52
41 44
42 47
43 36
44 46
45 40
46 26
47 27
48 33
49 29
50 22
51 21
52 21
53 20
54 22
55 23
56 11
57 20
58 18
59 13
60 25
61 16
62 13
63 16
64 10
65 17
66 19
67 14
68 15
69 13
70 12
71 11
72 12
73 14
74 15
75 17
76 12
77 9
78 18
79 8
80 5
81 8
82 10
83 15
84 7
85 9
86 14
87 11
88 12
89 11
90 8
91 14
92 8
93 12
94 6
95 10
96 8
97 9
98 7
99 12
100 12
101 10
102 10
103 9
104 10
105 5
106 9
107 13
108 4
109 5
110 4
111 6
112 3
113 4
114 12
115 11
116 10
117 6
118 4
119 9
120 4
121 1
122 5
123 10
124 10
125 4
126 4
127 4
128 5
129 6
130 6
131 6
132 6
133 3
134 6
135 4
136 9
137 2
138 8
139 2
140 9
141 8
142 4
143 4
144 3
145 6
146 2
147 3
148 5
149 5
150 4
151 4
152 4
153 5
154 3
155 5
156 3
157 5
158 3
159 3
160 3
161 1
162 3
163 1
165 2
166 3
167 2
168 6
169 1
170 2
171 4
172 3
173 2
175 1
177 2
179 1
181 1
182 2
185 2
188 2
190 1
191 2
203 1
219 1
220 1
225 1
229 1
235 1
239 1
243 1
244 1
251 1
X^2: 92705.6
Cat Hash
2 2
3 7
4 8
5 11
6 8
7 11
8 16
9 15
10 31
11 26
12 27
13 33
14 41
15 36
16 47
17 48
18 48
19 61
20 67
21 51
22 73
23 64
24 75
25 56
26 76
27 62
28 61
29 61
30 60
31 57
32 60
33 54
34 54
35 46
36 52
37 48
38 40
39 41
40 52
41 53
42 45
43 40
44 35
45 32
46 27
47 23
48 32
49 25
50 18
51 33
52 28
53 24
54 19
55 22
56 12
57 22
58 18
59 22
60 26
61 24
62 26
63 20
64 15
65 19
66 10
67 24
68 15
69 22
70 9
71 16
72 12
73 19
74 12
75 15
76 11
77 15
78 10
79 22
80 12
81 11
82 16
83 7
84 10
85 10
86 10
87 7
88 3
89 7
90 10
91 12
92 6
93 7
94 7
95 8
96 4
97 9
98 8
99 5
100 6
101 6
102 7
103 6
104 6
105 5
106 9
107 8
108 6
109 9
110 7
111 5
112 11
113 4
114 2
115 6
116 6
117 7
118 14
119 4
120 5
121 8
122 9
123 11
124 7
125 4
126 5
127 7
128 5
129 4
130 11
131 4
132 6
133 7
134 7
135 5
136 2
137 8
138 5
139 5
140 4
141 5
142 2
143 2
144 4
145 6
146 3
147 5
148 3
149 1
150 3
151 4
152 3
153 1
154 2
155 4
156 1
157 2
158 4
160 4
161 1
162 3
163 3
164 4
165 1
166 3
167 1
168 1
169 3
171 2
172 1
173 2
174 1
175 2
176 1
179 1
181 2
182 2
184 1
185 1
187 2
188 2
189 2
190 3
197 1
199 2
203 1
206 1
207 2
209 1
210 1
211 1
212 1
215 1
216 3
219 1
220 1
222 1
231 1
233 1
243 1
246 1
247 1
274 1
X^2: 95378.9
My Hash
2 2
3 2
4 5
5 8
6 12
7 22
8 31
9 32
10 39
11 43
12 35
13 45
14 44
15 48
16 66
17 50
18 55
19 64
20 41
21 62
22 55
23 61
24 67
25 67
26 76
27 67
28 66
29 55
30 56
31 80
32 49
33 60
34 53
35 65
36 59
37 48
38 49
39 43
40 40
41 24
42 33
43 33
44 27
45 30
46 26
47 24
48 21
49 22
50 14
51 20
52 15
53 16
54 12
55 12
56 18
57 11
58 16
59 19
60 15
61 11
62 10
63 13
64 14
65 12
66 13
67 7
68 7
69 9
70 14
71 9
72 6
73 10
74 11
75 8
76 10
77 12
78 12
79 9
80 14
81 14
82 8
83 28
84 18
85 10
86 10
87 6
88 10
89 8
90 11
91 7
92 11
93 7
94 8
95 8
96 11
97 12
98 9
99 10
100 6
101 7
102 10
103 8
104 7
105 10
106 5
107 7
108 9
109 11
110 9
111 7
112 8
113 9
114 10
115 13
116 10
117 8
118 8
119 8
120 8
121 12
122 11
123 11
124 13
125 6
126 5
127 8
128 13
129 8
130 8
131 7
132 11
133 4
134 10
135 5
136 8
137 8
138 8
139 7
140 7
141 6
142 8
143 10
144 6
145 10
146 9
147 1
148 4
149 4
150 5
151 4
153 1
154 1
155 3
156 2
157 3
158 2
159 3
161 1
162 1
163 1
164 2
165 1
167 1
169 1
171 1
173 2
175 1
178 2
182 1
184 2
185 1
194 4
197 1
199 1
203 1
204 1
205 2
206 2
207 1
208 1
210 1
211 1
212 1
213 1
215 1
216 1
217 1
218 2
227 1
X^2: 101278
Expected Value: 51.0539
Capacity: 3119
Super Fast Hash
28 3
29 2
30 4
31 4
32 4
33 6
34 12
35 10
36 16
37 24
38 27
39 37
40 51
41 80
42 101
43 94
44 106
45 124
46 147
47 140
48 158
49 160
50 154
51 177
52 171
53 183
54 149
55 153
56 138
57 124
58 94
59 89
60 64
61 60
62 50
63 48
64 43
65 29
66 18
67 22
68 10
69 12
70 5
71 7
72 1
73 3
74 4
77 1
X^2: 3240.36
Book Hash
27 1
29 2
30 1
31 1
32 1
33 4
34 7
35 9
36 22
37 24
38 21
39 41
40 47
41 75
42 79
43 79
44 144
45 138
46 148
47 151
48 154
49 175
50 162
51 173
52 175
53 152
54 157
55 151
56 153
57 95
58 127
59 92
60 87
61 63
62 49
63 31
64 33
65 30
66 14
67 15
68 13
69 8
70 1
71 4
72 5
73 2
74 1
77 1
78 1
X^2: 2978.6
Cat Hash
30 1
31 3
32 1
33 9
34 14
35 15
36 13
37 31
38 28
39 46
40 45
41 67
42 72
43 97
44 90
45 146
46 142
47 162
48 183
49 163
50 175
51 177
52 157
53 166
54 148
55 148
56 144
57 129
58 92
59 89
60 66
61 53
62 49
63 44
64 31
65 39
66 23
67 19
68 12
69 10
70 7
71 6
72 2
73 3
74 1
75 1
X^2: 3124.05
My Hash
26 1
27 1
29 1
31 3
32 4
33 4
34 6
35 11
36 15
37 24
38 39
39 53
40 47
41 63
42 81
43 98
44 122
45 106
46 139
47 143
48 164
49 193
50 162
51 155
52 180
53 164
54 176
55 165
56 126
57 124
58 103
59 75
60 73
61 68
62 61
63 36
64 28
65 26
66 27
67 18
68 7
69 12
70 8
71 4
73 2
74 1
X^2: 3045.04
Expected Value: 5.6252
Capacity: 3119
Super Fast Hash
1 83
2 178
3 339
4 444
5 534
6 481
7 405
8 269
9 170
10 111
11 44
12 28
13 16
14 5
15 1
17 1
X^2: 3272.21
Book Hash
1 66
2 193
3 324
4 466
5 525
6 490
7 391
8 273
9 179
10 107
11 51
12 27
13 8
14 5
15 1
16 1
X^2: 3196.84
Cat Hash
1 58
2 180
3 342
4 454
5 521
6 503
7 427
8 264
9 161
10 102
11 52
12 25
13 10
14 2
15 2
16 2
X^2: 3120.75
My Hash
1 60
2 190
3 324
4 479
5 541
6 476
7 397
8 287
9 144
10 111
11 50
12 30
13 8
14 6
15 3
16 2
X^2: 3206.44
