Expected Value: 1
Capacity: 8899
Super Fast Hash
1 3219
2 1691
3 531
4 138
5 23
6 4
7 2
X^2: 8888
Book Hash
1 3225
2 1612
3 579
4 135
5 26
6 6
7 1
X^2: 9060
Cat Hash
1 3343
2 1592
3 542
4 148
5 27
6 2
7 1
X^2: 8854
My Hash
1 3336
2 1625
3 540
4 124
5 31
6 7
X^2: 8808
Expected Value: 0.99731
Capacity: 8923
Super Fast Hash
1 3311
2 1674
3 522
4 132
5 23
6 4
7 1
X^2: 8733.43
Book Hash
1 3297
2 1662
3 541
4 124
5 27
6 4
X^2: 8765.51
Cat Hash
1 3239
2 1635
3 564
4 140
5 24
6 3
X^2: 8952.01
My Hash
1 3248
2 1619
3 560
4 134
5 32
6 5
7 1
X^2: 9086.37
Expected Value: 6.96868
Capacity: 1277
Super Fast Hash
1 10
2 23
3 58
4 125
5 166
6 203
7 194
8 154
9 137
10 87
11 55
12 34
13 11
14 6
15 8
16 2
17 1
19 1
X^2: 1259.17
Book Hash
1 7
2 23
3 68
4 137
5 163
6 194
7 191
8 152
9 119
10 94
11 56
12 32
13 20
14 13
15 4
16 2
17 1
X^2: 1303.94
Cat Hash
1 9
2 17
3 67
4 118
5 177
6 200
7 195
8 155
9 125
10 87
11 51
12 33
13 25
14 10
15 4
16 1
X^2: 1254.58
My Hash
1 10
2 22
3 66
4 127
5 182
6 166
7 203
8 157
9 126
10 81
11 61
12 43
13 21
14 4
15 3
16 1
17 1
18 1
X^2: 1289.59
Expected Value: 22.8766
Capacity: 389
Super Fast Hash
10 1
11 1
12 1
13 1
14 2
15 13
16 14
17 13
18 17
19 24
20 28
21 40
22 33
23 40
24 28
25 24
26 20
27 25
28 16
29 18
30 15
31 7
32 2
33 1
34 3
35 1
39 1
X^2: 344.897
Book Hash
9 2
10 1
12 4
13 6
14 7
15 6
16 12
17 11
18 18
19 17
20 24
21 37
22 39
23 32
24 35
25 23
26 33
27 21
28 22
29 6
30 9
31 8
32 8
33 3
34 1
35 2
36 1
37 1
X^2: 389.047
Cat Hash
8 1
10 1
13 5
14 5
15 5
16 10
17 14
18 19
19 28
20 27
21 35
22 48
23 27
24 32
25 28
26 28
27 16
28 16
29 11
30 12
31 8
32 5
33 2
34 1
35 1
36 2
38 1
39 1
X^2: 358.361
My Hash
8 1
10 2
13 5
14 5
15 6
16 12
17 16
18 18
19 33
20 27
21 27
22 36
23 32
24 41
25 26
26 21
27 23
28 11
29 12
30 7
31 12
32 2
33 1
34 5
35 4
36 2
38 1
40 1
X^2: 401.724
Expected Value: 0.543152
Capacity: 16384
Super Fast Hash
1 5175
2 1438
3 238
4 27
5 4
6 1
X^2: 16208.2
Book Hash
1 5080
2 1347
3 311
4 43
5 4
X^2: 16977.7
Cat Hash
1 3115
2 861
3 280
4 110
5 92
6 42
7 38
8 29
9 15
10 15
11 20
12 11
13 8
14 12
15 6
16 1
17 3
18 3
19 2
20 2
21 2
22 2
23 1
27 2
28 1
31 1
32 1
38 1
41 2
X^2: 74265.6
My Hash
1 4970
2 1401
3 300
4 49
5 5
6 1
X^2: 17279.7
Expected Value: 4.34521
Capacity: 2048
Super Fast Hash
1 110
2 248
3 389
4 388
5 324
6 247
7 149
8 96
9 45
10 14
11 6
12 3
14 1
X^2: 2066.4
Book Hash
1 169
2 276
3 344
4 315
5 284
6 231
7 159
8 105
9 56
10 40
11 11
12 3
13 4
14 1
X^2: 2724.59
Cat Hash
1 342
2 328
3 244
4 186
5 131
6 96
7 67
8 53
9 40
10 15
11 18
12 15
13 11
14 7
15 8
16 7
17 4
18 5
19 2
20 5
21 6
22 4
23 2
24 5
25 3
26 8
27 4
28 3
29 4
30 3
32 1
33 3
34 1
35 2
36 2
37 4
38 1
39 2
40 1
42 2
44 1
51 1
52 2
53 2
54 1
55 1
58 1
59 2
62 1
66 1
69 1
101 1
X^2: 25469.2
My Hash
1 174
2 271
3 310
4 329
5 303
6 236
7 153
8 116
9 52
10 18
11 18
12 8
13 5
X^2: 2720.91
Expected Value: 17.3809
Capacity: 512
Super Fast Hash
5 1
8 3
9 6
10 4
11 17
12 32
13 33
14 42
15 48
16 46
17 47
18 38
19 43
20 32
21 37
22 16
23 21
24 14
25 14
26 5
27 5
28 6
30 1
31 1
X^2: 533.503
Book Hash
2 1
4 3
5 6
6 8
7 11
8 12
9 24
10 20
11 12
12 26
13 34
14 24
15 27
16 29
17 28
18 26
19 41
20 19
21 20
22 24
23 24
24 17
25 11
26 18
27 13
28 10
29 7
30 5
31 7
33 3
36 1
37 1
X^2: 1234.73
Cat Hash
1 15
2 35
3 23
4 24
5 29
6 26
7 28
8 29
9 17
10 21
11 20
12 25
13 13
14 13
15 12
16 13
17 13
18 7
19 13
20 9
21 11
22 6
23 9
24 5
25 11
26 2
27 5
28 2
29 4
30 3
31 3
32 3
33 1
34 1
35 4
37 2
38 1
40 2
42 1
44 1
45 1
46 1
47 1
56 1
57 2
58 2
59 1
61 1
63 1
72 1
74 1
76 1
80 1
88 1
89 1
91 1
93 1
98 1
100 1
102 1
106 2
109 1
116 1
125 1
148 1
157 1
163 1
164 1
177 1
214 1
281 1
X^2: 22064.1
My Hash
3 1
4 6
5 11
6 13
7 16
8 14
9 8
10 22
11 20
12 23
13 15
14 19
15 23
16 28
17 32
18 29
19 31
20 32
21 22
22 24
23 21
24 25
25 25
26 14
27 11
28 7
29 7
30 5
31 1
32 1
33 2
34 2
35 1
38 1
X^2: 1301.82
Expected Value: 0.543251
Capacity: 16381
Super Fast Hash
1 5217
2 1386
3 244
4 42
5 2
X^2: 16280.9
Book Hash
1 5124
2 1426
3 252
4 38
5 3
X^2: 16465
Cat Hash
1 5085
2 1416
3 267
4 40
5 3
6 1
X^2: 16693.2
My Hash
1 5141
2 1371
3 277
4 38
5 4
6 1
7 1
X^2: 16707.9
Expected Value: 4.33463
Capacity: 2053
Super Fast Hash
1 100
2 227
3 370
4 418
5 362
6 257
7 146
8 70
9 47
10 15
11 4
12 1
X^2: 1920.14
Book Hash
1 112
2 257
3 361
4 412
5 328
6 264
7 150
8 69
9 53
10 16
11 5
12 2
X^2: 1998.58
Cat Hash
1 116
2 246
3 373
4 400
5 362
6 225
7 156
8 81
9 46
10 20
11 2
12 3
X^2: 1998.12
My Hash
1 104
2 268
3 358
4 419
5 325
6 250
7 157
8 80
9 32
10 21
11 10
12 2
13 1
X^2: 2035.95
Expected Value: 17.4833
Capacity: 509
Super Fast Hash
7 3
8 4
9 5
10 8
11 8
12 19
13 28
14 40
15 58
16 41
17 47
18 49
19 45
20 44
21 28
22 28
23 19
24 13
25 7
26 7
27 2
28 4
30 1
33 1
X^2: 473.544
Book Hash
8 3
9 3
10 6
11 23
12 23
13 41
14 33
15 46
16 47
17 39
18 49
19 35
20 41
21 29
22 29
23 21
24 9
25 11
26 9
27 5
28 3
29 2
30 2
X^2: 518.387
Cat Hash
6 2
8 2
9 5
10 7
11 17
12 25
13 31
14 35
15 35
16 53
17 54
18 40
19 53
20 39
21 30
22 27
23 14
24 17
25 6
26 5
27 2
28 6
29 2
31 1
33 1
X^2: 499.855
My Hash
7 1
8 3
9 1
10 5
11 19
12 27
13 21
14 33
15 47
16 53
17 55
18 58
19 37
20 40
21 33
22 25
23 16
24 14
25 5
26 10
27 3
29 1
30 1
34 1
X^2: 444.945
Expected Value: 0.724144
Capacity: 12289
Super Fast Hash
1 4267
2 1616
3 360
4 66
5 10
6 1
X^2: 12247.4
Book Hash
1 4334
2 1578
3 354
4 70
5 11
6 2
X^2: 12228
Cat Hash
1 4187
2 1560
3 399
4 82
5 11
6 2
X^2: 12750
My Hash
1 4342
2 1467
3 402
4 88
5 7
6 5
X^2: 12631.3
Expected Value: 5.76734
Capacity: 1543
Super Fast Hash
1 18
2 77
3 157
4 246
5 247
6 233
7 216
8 148
9 82
10 54
11 30
12 15
13 5
14 2
15 2
16 2
X^2: 1560.77
Book Hash
1 30
2 81
3 153
4 211
5 265
6 246
7 214
8 146
9 89
10 52
11 22
12 17
13 6
14 1
15 3
16 1
17 1
X^2: 1568.05
Cat Hash
1 24
2 68
3 159
4 236
5 246
6 250
7 211
8 146
9 103
10 48
11 27
12 13
13 3
14 1
15 2
X^2: 1464.71
My Hash
1 23
2 91
3 168
4 198
5 251
6 252
7 198
8 157
9 90
10 66
11 23
12 13
13 3
14 4
15 1
X^2: 1543.43
Expected Value: 22.8766
Capacity: 389
Super Fast Hash
10 1
11 1
12 1
13 1
14 2
15 13
16 14
17 13
18 17
19 24
20 28
21 40
22 33
23 40
24 28
25 24
26 20
27 25
28 16
29 18
30 15
31 7
32 2
33 1
34 3
35 1
39 1
X^2: 344.897
Book Hash
9 2
10 1
12 4
13 6
14 7
15 6
16 12
17 11
18 18
19 17
20 24
21 37
22 39
23 32
24 35
25 23
26 33
27 21
28 22
29 6
30 9
31 8
32 8
33 3
34 1
35 2
36 1
37 1
X^2: 389.047
Cat Hash
8 1
10 1
13 5
14 5
15 5
16 10
17 14
18 19
19 28
20 27
21 35
22 48
23 27
24 32
25 28
26 28
27 16
28 16
29 11
30 12
31 8
32 5
33 2
34 1
35 1
36 2
38 1
39 1
X^2: 358.361
My Hash
8 1
10 2
13 5
14 5
15 6
16 12
17 16
18 18
19 33
20 27
21 27
22 36
23 32
24 41
25 26
26 21
27 23
28 11
29 12
30 7
31 12
32 2
33 1
34 5
35 4
36 2
38 1
40 1
X^2: 401.724
