Expected Value: 1
Capacity: 17545
Super Fast Hash
1 6443
2 3258
3 1058
4 268
5 51
6 13
7 1
X^2: 17532
Book Hash
1 6442
2 3300
3 1040
4 254
5 65
6 7
X^2: 17398
Cat Hash
1 6459
2 3154
3 1090
4 286
5 64
6 5
7 2
X^2: 17794
My Hash
1 6396
2 3230
3 1137
4 241
5 54
6 5
7 2
X^2: 17488
Expected Value: 0.999658
Capacity: 17551
Super Fast Hash
1 6389
2 3203
3 1097
4 274
5 61
6 7
8 2
X^2: 17830.1
Book Hash
1 6522
2 3288
3 1056
4 248
5 49
6 7
X^2: 17089.8
Cat Hash
1 6501
2 3233
3 1040
4 274
5 60
6 8
7 2
X^2: 17530
My Hash
1 6445
2 3181
3 1088
4 292
5 54
6 6
X^2: 17666
Expected Value: 6.95954
Capacity: 2521
Super Fast Hash
1 24
2 58
3 122
4 226
5 355
6 359
7 385
8 325
9 256
10 165
11 104
12 77
13 32
14 18
15 4
16 9
17 1
X^2: 2538.37
Book Hash
1 12
2 69
3 133
4 247
5 339
6 375
7 348
8 313
9 248
10 165
11 133
12 66
13 36
14 25
15 9
16 1
17 1
X^2: 2605.04
Cat Hash
1 16
2 73
3 119
4 232
5 340
6 381
7 376
8 307
9 255
10 165
11 117
12 72
13 35
14 19
15 4
16 6
17 3
X^2: 2571.42
My Hash
1 15
2 57
3 135
4 255
5 325
6 346
7 364
8 353
9 241
10 192
11 115
12 54
13 37
14 13
15 6
16 7
17 3
X^2: 2538.08
Expected Value: 22.8153
Capacity: 769
Super Fast Hash
8 1
9 1
10 1
11 1
12 5
13 6
14 12
15 14
16 19
17 21
18 55
19 54
20 58
21 72
22 72
23 62
24 42
25 56
26 55
27 41
28 26
29 21
30 24
31 24
32 8
33 8
35 4
36 1
37 2
38 1
39 2
X^2: 764.651
Book Hash
10 1
11 4
12 4
13 7
14 8
15 22
16 27
17 35
18 39
19 48
20 70
21 58
22 61
23 45
24 67
25 60
26 47
27 40
28 28
29 29
30 12
31 19
32 16
33 7
34 3
35 4
36 3
37 2
38 1
42 1
43 1
X^2: 830.396
Cat Hash
10 2
11 3
12 5
13 12
14 10
15 22
16 16
17 43
18 29
19 41
20 74
21 57
22 63
23 57
24 55
25 57
26 54
27 34
28 49
29 25
30 12
31 15
32 7
33 11
34 4
35 5
36 5
38 1
39 1
X^2: 816.108
My Hash
9 1
10 2
11 4
12 5
13 9
14 11
15 21
16 22
17 31
18 31
19 56
20 52
21 62
22 66
23 67
24 54
25 55
26 55
27 40
28 34
29 24
30 15
31 18
32 14
33 5
34 1
35 5
36 5
37 2
38 1
39 1
X^2: 818.475
Expected Value: 0.535431
Capacity: 32768
Super Fast Hash
1 10307
2 2725
3 490
4 69
5 6
6 2
X^2: 32775.2
Book Hash
1 9732
2 2795
3 585
4 91
5 16
6 4
X^2: 35079.9
Cat Hash
1 6081
2 1718
3 564
4 256
5 131
6 82
7 49
8 56
9 42
10 35
11 21
12 28
13 13
14 15
15 12
16 6
17 13
18 7
19 5
20 5
21 2
22 5
23 1
24 6
25 1
26 1
27 2
28 2
29 1
32 1
33 1
34 4
36 1
38 1
39 1
59 1
X^2: 157919
My Hash
1 9632
2 2760
3 631
4 111
5 10
6 1
X^2: 35520.7
Expected Value: 4.28345
Capacity: 4096
Super Fast Hash
1 236
2 537
3 735
4 772
5 671
6 503
7 316
8 148
9 76
10 26
11 16
12 1
13 1
14 2
X^2: 4070.07
Book Hash
1 328
2 577
3 663
4 667
5 575
6 429
7 300
8 183
9 118
10 63
11 34
12 14
13 4
14 2
15 3
16 1
18 1
X^2: 5757.96
Cat Hash
1 803
2 604
3 465
4 342
5 265
6 210
7 143
8 100
9 73
10 43
11 42
12 30
13 21
14 18
15 14
16 16
17 8
18 10
19 11
20 7
21 9
22 4
23 3
24 9
25 4
26 2
27 5
28 8
29 6
30 5
31 3
32 5
33 3
34 5
35 3
37 5
38 4
39 1
40 2
41 2
42 1
43 2
44 3
45 3
47 2
48 1
50 1
51 2
52 1
53 1
55 1
56 1
57 1
58 1
59 4
60 1
63 1
64 2
65 1
68 1
70 2
84 1
86 1
97 1
104 1
107 1
X^2: 54515
My Hash
1 380
2 528
3 601
4 623
5 579
6 453
7 333
8 219
9 111
10 46
11 28
12 17
13 8
14 2
15 1
X^2: 5889.63
Expected Value: 17.1338
Capacity: 1024
Super Fast Hash
4 1
7 2
8 5
9 15
10 21
11 24
12 52
13 76
14 83
15 106
16 88
17 98
18 83
19 89
20 69
21 71
22 36
23 33
24 28
25 18
26 10
27 7
28 4
29 2
30 2
32 1
X^2: 994.332
Book Hash
3 3
4 3
5 15
6 18
7 25
8 31
9 40
10 40
11 52
12 49
13 54
14 45
15 59
16 62
17 56
18 64
19 65
20 52
21 43
22 40
23 32
24 26
25 31
26 21
27 22
28 16
29 15
30 9
31 8
32 10
33 5
34 3
35 6
36 3
46 1
X^2: 2676.04
Cat Hash
1 33
2 55
3 62
4 59
5 62
6 36
7 63
8 47
9 51
10 34
11 31
12 40
13 34
14 37
15 27
16 24
17 23
18 19
19 14
20 18
21 24
22 23
23 14
24 10
25 13
26 12
27 9
28 11
29 5
30 6
31 3
32 5
33 5
34 6
35 3
36 1
37 2
38 1
39 1
40 4
41 4
42 2
43 4
44 3
45 1
47 1
48 1
51 1
53 3
54 1
55 1
56 2
57 3
58 2
61 1
64 1
66 2
68 1
70 1
71 1
73 1
74 1
77 1
78 1
80 1
83 1
86 2
87 2
89 2
93 1
95 2
97 1
101 1
108 1
109 2
110 1
113 1
117 1
123 1
127 1
131 1
132 1
133 1
134 1
136 1
146 1
152 2
157 1
158 1
165 1
209 1
220 1
231 1
232 1
X^2: 38366
My Hash
1 1
2 3
3 11
4 16
5 23
6 26
7 35
8 30
9 33
10 31
11 32
12 22
13 40
14 44
15 49
16 55
17 61
18 59
19 52
20 56
21 46
22 59
23 49
24 40
25 40
26 31
27 22
28 15
29 12
30 8
31 9
32 8
34 3
35 1
36 1
37 1
X^2: 2869.69
Expected Value: 0.535382
Capacity: 32771
Super Fast Hash
1 10384
2 2699
3 479
4 74
5 6
X^2: 32559.4
Book Hash
1 10300
2 2697
3 517
4 65
5 8
X^2: 32850.8
Cat Hash
1 10162
2 2700
3 554
4 69
5 9
X^2: 33403.7
My Hash
1 10251
2 2745
3 503
4 66
5 5
6 1
X^2: 32839.6
Expected Value: 4.28031
Capacity: 4099
Super Fast Hash
1 243
2 493
3 763
4 774
5 704
6 496
7 276
8 162
9 77
10 28
11 19
12 1
13 1
X^2: 4056.93
Book Hash
1 239
2 509
3 751
4 817
5 647
6 480
7 325
8 152
9 69
10 30
11 14
12 5
13 2
X^2: 4078.42
Cat Hash
1 252
2 504
3 749
4 803
5 679
6 463
7 325
8 128
9 75
10 39
11 15
12 8
14 2
X^2: 4170.94
My Hash
1 220
2 543
3 753
4 798
5 698
6 467
7 274
8 154
9 92
10 31
11 10
12 6
13 2
X^2: 4052.72
Expected Value: 17.1841
Capacity: 1021
Super Fast Hash
7 2
8 8
9 9
10 22
11 22
12 65
13 64
14 81
15 94
16 91
17 102
18 114
19 78
20 62
21 53
22 39
23 40
24 31
25 21
26 8
27 6
28 1
29 2
30 1
31 4
34 1
X^2: 995.883
Book Hash
6 1
7 4
8 5
9 7
10 22
11 43
12 51
13 63
14 64
15 101
16 105
17 94
18 95
19 80
20 75
21 70
22 40
23 32
24 24
25 15
26 10
27 8
28 6
29 1
30 4
35 1
X^2: 1007.41
Cat Hash
3 1
4 1
6 2
7 1
8 9
9 10
10 24
11 33
12 46
13 55
14 87
15 89
16 109
17 77
18 94
19 95
20 78
21 69
22 48
23 28
24 18
25 13
26 19
27 6
28 5
29 2
31 1
33 1
X^2: 1010.78
My Hash
4 1
5 1
6 2
7 4
8 6
9 9
10 18
11 35
12 51
13 62
14 74
15 88
16 114
17 88
18 99
19 89
20 66
21 53
22 55
23 46
24 23
25 14
26 8
27 7
28 3
29 3
30 1
34 1
X^2: 993.671
Expected Value: 0.713414
Capacity: 24593
Super Fast Hash
1 8625
2 3008
3 754
4 133
5 22
X^2: 24675.9
Book Hash
1 8686
2 2996
3 771
4 109
5 20
6 3
X^2: 24451.6
Cat Hash
1 8565
2 3115
3 739
4 119
5 9
6 2
X^2: 24333.9
My Hash
1 8594
2 3111
3 712
4 129
5 13
6 2
X^2: 24375.9
Expected Value: 5.69828
Capacity: 3079
Super Fast Hash
1 57
2 175
3 332
4 435
5 551
6 447
7 405
8 280
9 177
10 113
11 51
12 28
13 13
14 4
15 3
X^2: 3133.7
Book Hash
1 48
2 171
3 340
4 438
5 507
6 510
7 404
8 283
9 176
10 106
11 52
12 23
13 7
14 7
15 1
X^2: 2984.53
Cat Hash
1 55
2 159
3 329
4 429
5 531
6 485
7 443
8 279
9 155
10 91
11 74
12 23
13 9
14 2
15 1
16 1
X^2: 3010.15
My Hash
1 58
2 174
3 315
4 483
5 492
6 467
7 406
8 294
9 182
10 102
11 46
12 30
13 12
14 9
X^2: 3120.71
Expected Value: 22.8153
Capacity: 769
Super Fast Hash
8 1
9 1
10 1
11 1
12 5
13 6
14 12
15 14
16 19
17 21
18 55
19 54
20 58
21 72
22 72
23 62
24 42
25 56
26 55
27 41
28 26
29 21
30 24
31 24
32 8
33 8
35 4
36 1
37 2
38 1
39 2
X^2: 764.651
Book Hash
10 1
11 4
12 4
13 7
14 8
15 22
16 27
17 35
18 39
19 48
20 70
21 58
22 61
23 45
24 67
25 60
26 47
27 40
28 28
29 29
30 12
31 19
32 16
33 7
34 3
35 4
36 3
37 2
38 1
42 1
43 1
X^2: 830.396
Cat Hash
10 2
11 3
12 5
13 12
14 10
15 22
16 16
17 43
18 29
19 41
20 74
21 57
22 63
23 57
24 55
25 57
26 54
27 34
28 49
29 25
30 12
31 15
32 7
33 11
34 4
35 5
36 5
38 1
39 1
X^2: 816.108
My Hash
9 1
10 2
11 4
12 5
13 9
14 11
15 21
16 22
17 31
18 31
19 56
20 52
21 62
22 66
23 67
24 54
25 55
26 55
27 40
28 34
29 24
30 15
31 18
32 14
33 5
34 1
35 5
36 5
37 2
38 1
39 1
X^2: 818.475
