Expected Value: 1
16628
Super Fast Hash
1 6138
2 3004
3 1023
4 276
5 51
6 9
X^2: 16748
Book Hash
1 5920
2 2937
3 1025
4 326
5 66
6 15
7 5
X^2: 17916
Cat Hash
1 5726
2 2879
3 1075
4 341
5 86
6 16
7 3
8 1
X^2: 18682
My Hash
1 6049
2 3114
3 1021
4 257
5 43
6 4
7 3
X^2: 16544
Expected Value: 0.99982
16631
Super Fast Hash
1 6174
2 3039
3 991
4 260
5 58
6 11
7 1
X^2: 16682
Book Hash
1 6093
2 3027
3 1071
4 247
5 44
6 10
X^2: 16630
Cat Hash
1 6155
2 3083
3 998
4 265
5 41
6 3
7 2
8 2
X^2: 16446
My Hash
1 6138
2 3022
3 1008
4 271
5 55
6 7
7 3
X^2: 16786
Expected Value: 6.99537
2377
Super Fast Hash
1 19
2 42
3 132
4 217
5 313
6 346
7 341
8 343
9 220
10 161
11 110
12 56
13 34
14 23
15 8
16 4
17 3
18 1
X^2: 2434.89
Book Hash
1 19
2 51
3 116
4 213
5 293
6 378
7 333
8 341
9 254
10 163
11 95
12 62
13 25
14 20
15 8
16 3
18 1
19 1
X^2: 2305.09
Cat Hash
1 11
2 64
3 113
4 202
5 313
6 363
7 376
8 303
9 220
10 167
11 103
12 64
13 35
14 26
15 4
16 6
17 1
X^2: 2407.44
My Hash
1 23
2 49
3 117
4 246
5 299
6 328
7 341
8 329
9 229
10 172
11 105
12 72
13 41
14 14
15 5
16 2
17 2
20 1
X^2: 2436.89
Expected Value: 22.8721
Capacity: 727
Super Fast Hash
10 1
12 6
13 10
14 11
15 16
16 16
17 27
18 53
19 59
20 45
21 52
22 54
23 70
24 53
25 46
26 36
27 51
28 25
29 18
30 32
31 9
32 13
33 5
34 10
35 3
36 3
37 2
38 1
X^2: 769.633
Book Hash
11 2
12 2
13 8
14 13
15 21
16 16
17 33
18 41
19 47
20 52
21 69
22 55
23 53
24 46
25 54
26 45
27 48
28 26
29 32
30 21
31 17
32 7
33 8
34 3
35 2
36 3
37 1
38 1
39 1
X^2: 735.355
Cat Hash
8 1
9 3
11 2
12 2
13 7
14 12
15 12
16 15
17 35
18 30
19 65
20 51
21 61
22 63
23 58
24 54
25 52
26 46
27 36
28 32
29 21
30 20
31 17
32 8
33 11
34 3
35 5
36 2
37 2
39 1
X^2: 743.925
My Hash
6 1
9 2
11 3
12 2
14 12
15 13
16 19
17 37
18 46
19 52
20 65
21 50
22 54
23 50
24 61
25 61
26 31
27 39
28 32
29 30
30 23
31 12
32 9
33 12
34 6
35 1
36 3
40 1
X^2: 734.918
Expected Value: 0.508844
Capacity: 32678
Super Fast Hash
1 9909
2 2555
3 451
4 55
5 6
6 1
X^2: 33002.2
Book Hash
1 9841
2 2520
3 474
4 71
5 7
6 1
X^2: 33552.4
Cat Hash
1 10105
2 2502
3 412
4 64
5 3
6 2
X^2: 32487.3
My Hash
1 10049
2 2540
3 423
4 50
5 6
X^2: 32436.2
Expected Value: 4.05957
Capacity: 4096
Super Fast Hash
1 291
2 568
3 787
4 813
5 615
6 464
7 249
8 123
9 71
10 25
11 7
12 3
X^2: 4146.61
Book Hash
1 403
2 643
3 679
4 645
5 558
6 370
7 267
8 140
9 86
10 67
11 39
12 17
13 9
14 6
15 3
X^2: 6262.11
Cat Hash
1 728
2 462
3 340
4 224
5 195
6 143
7 101
8 122
9 81
10 35
11 52
12 44
13 33
14 16
15 22
16 19
17 15
18 18
19 11
20 7
21 8
22 5
23 4
24 7
25 4
26 8
27 3
28 5
29 3
30 5
31 2
32 3
33 2
35 3
36 3
37 3
38 1
40 1
42 2
43 2
44 1
45 1
46 4
47 4
49 3
50 1
51 2
52 3
53 1
54 2
55 1
57 2
59 1
60 3
61 1
62 1
63 1
65 1
66 1
67 2
70 1
71 4
74 1
77 1
78 1
83 1
84 1
85 1
87 1
92 1
100 1
X^2: 69088.5
My Hash
1 412
2 547
3 679
4 665
5 541
6 436
7 277
8 189
9 79
10 54
11 15
12 12
13 5
14 2
X^2: 5743.83
Expected Value: 16.2383
Capacity: 1024
Super Fast Hash
5 1
6 2
7 2
8 11
9 22
10 29
11 48
12 72
13 76
14 97
15 96
16 103
17 92
18 81
19 88
20 61
21 39
22 36
23 30
24 12
25 6
26 6
27 8
28 4
29 2
X^2: 1011.92
Book Hash
2 1
3 4
4 12
5 17
6 16
7 43
8 33
9 48
10 59
11 60
12 56
13 56
14 74
15 48
16 46
17 54
18 43
19 40
20 42
21 38
22 38
23 28
24 38
25 18
26 15
27 19
28 9
29 14
30 15
31 12
32 9
33 5
34 1
35 1
36 3
37 4
38 3
39 1
X^2: 3146.14
Cat Hash
1 92
2 85
3 71
4 44
5 54
6 43
7 35
8 34
9 29
10 31
11 29
12 17
13 24
14 22
15 22
16 24
17 13
18 11
19 10
20 21
21 10
22 16
23 10
24 13
25 7
26 6
27 10
28 13
29 8
30 5
31 8
32 5
33 8
34 6
35 3
36 2
37 3
38 5
39 4
40 5
41 2
42 3
43 3
44 2
45 1
46 2
47 1
48 3
49 1
50 4
52 2
53 2
55 2
56 2
57 1
58 1
60 3
62 1
63 1
65 2
67 1
69 1
71 1
72 1
74 1
76 1
78 1
79 1
84 3
86 1
87 2
88 1
89 1
90 1
95 1
100 1
101 1
102 1
103 1
106 1
109 1
113 1
115 1
128 1
145 1
159 1
160 1
168 1
184 1
185 1
193 1
209 1
224 1
226 1
236 1
248 1
259 1
297 1
X^2: 53144.3
My Hash
2 2
3 7
4 14
5 18
6 30
7 33
8 37
9 35
10 41
11 35
12 47
13 51
14 45
15 57
16 57
17 66
18 57
19 59
20 67
21 50
22 52
23 32
24 36
25 21
26 27
27 15
28 10
29 8
30 6
31 4
32 3
33 1
36 1
X^2: 2506.29
Expected Value: 0.5074
Capacity: 32771
Super Fast Hash
1 10040
2 2488
3 443
4 62
5 7
X^2: 32930.5
Book Hash
1 9991
2 2561
3 427
4 52
5 4
6 1
X^2: 32733.5
Cat Hash
1 9870
2 2547
3 439
4 78
5 7
X^2: 33494.2
My Hash
1 9984
2 2494
3 446
4 73
5 4
6 1
X^2: 33190.7
Expected Value: 4.0566
Capacity: 4099
Super Fast Hash
1 281
2 568
3 835
4 818
5 615
6 434
7 254
8 135
9 55
10 26
11 5
12 5
13 1
14 1
X^2: 4075.55
Book Hash
1 288
2 552
3 785
4 837
5 625
6 462
7 251
8 126
9 60
10 23
11 8
13 1
X^2: 4046.95
Cat Hash
1 294
2 611
3 782
4 793
5 618
6 447
7 263
8 123
9 59
10 23
11 11
12 6
13 1
14 1
16 1
X^2: 4241.7
My Hash
1 306
2 563
3 805
4 768
5 684
6 442
7 224
8 118
9 72
10 33
11 11
12 1
14 1
X^2: 4185.99
Expected Value: 16.286
Capacity: 1021
Super Fast Hash
6 3
7 6
8 16
9 21
10 27
11 49
12 67
13 73
14 75
15 113
16 107
17 88
18 80
19 72
20 66
21 46
22 37
23 27
24 17
25 16
26 10
27 2
28 2
29 1
X^2: 1049.64
Book Hash
4 1
5 1
6 4
7 4
8 10
9 15
10 23
11 51
12 80
13 77
14 85
15 87
16 99
17 108
18 86
19 70
20 65
21 43
22 50
23 25
24 13
25 10
26 11
27 3
X^2: 989.224
Cat Hash
6 3
7 3
8 5
9 20
10 37
11 41
12 68
13 71
14 105
15 100
16 104
17 86
18 90
19 83
20 54
21 46
22 38
23 21
24 23
25 13
26 3
27 2
28 4
30 1
X^2: 970.557
My Hash
5 1
6 4
7 8
8 9
9 21
10 29
11 44
12 48
13 80
14 102
15 100
16 110
17 97
18 87
19 67
20 65
21 44
22 37
23 25
24 10
25 14
26 8
27 6
28 2
29 3
X^2: 1023.61
Expected Value: 0.676127
Capacity: 24593
Super Fast Hash
1 8553
2 2888
3 641
4 75
5 14
6 1
X^2: 23985.7
Book Hash
1 8499
2 2903
3 618
4 96
5 17
X^2: 24243
Cat Hash
1 8473
2 2831
3 657
4 106
5 16
6 3
X^2: 24657.1
My Hash
1 8501
2 2881
3 647
4 87
5 14
6 1
X^2: 24231.2
Expected Value: 5.40045
Capacity: 3079
Super Fast Hash
1 86
2 184
3 376
4 481
5 518
6 502
7 388
8 243
9 136
10 84
11 34
12 17
13 7
14 8
15 1
X^2: 3081.82
Book Hash
1 73
2 198
3 375
4 506
5 536
6 447
7 334
8 281
9 143
10 85
11 41
12 18
13 13
14 4
15 1
18 1
X^2: 3248.84
Cat Hash
1 71
2 188
3 391
4 489
5 523
6 446
7 413
8 249
9 161
10 64
11 45
12 14
13 4
14 2
15 2
16 1
X^2: 3027.01
My Hash
1 77
2 191
3 368
4 526
5 498
6 472
7 387
8 231
9 163
10 75
11 43
12 18
13 9
14 2
15 1
16 1
X^2: 3120.34
Expected Value: 21.6229
Capacity: 769
Super Fast Hash
9 1
10 2
11 3
12 10
13 16
14 16
15 25
16 34
17 37
18 52
19 72
20 57
21 65
22 57
23 77
24 44
25 45
26 35
27 34
28 25
29 14
30 18
31 11
32 9
33 2
34 4
35 1
36 1
37 1
38 1
X^2: 806.49
Book Hash
9 1
10 1
11 3
12 6
13 8
14 18
15 34
16 41
17 40
18 48
19 49
20 71
21 76
22 63
23 57
24 54
25 39
26 38
27 33
28 34
29 17
30 16
31 8
32 3
33 5
34 3
35 1
36 1
37 1
X^2: 758.023
Cat Hash
8 1
9 2
10 2
11 2
12 4
13 8
14 15
15 34
16 43
17 53
18 55
19 47
20 62
21 57
22 59
23 62
24 49
25 50
26 40
27 36
28 30
29 22
30 10
31 10
32 7
33 4
34 4
37 1
X^2: 783.921
My Hash
8 1
11 7
12 5
13 12
14 13
15 21
16 33
17 39
18 57
19 67
20 63
21 69
22 56
23 68
24 62
25 61
26 31
27 26
28 23
29 18
30 16
31 12
32 5
33 1
34 2
35 1
X^2: 696.514
