Expected Value: 1
Capacity: 159237
Super Fast Hash
1 57971
2 29205
3 9846
4 2515
5 526
6 84
7 12
8 5
X^2: 161490
Book Hash
1 58273
2 29666
3 9633
4 2480
5 458
6 74
7 9
8 2
X^2: 158760
Cat Hash
1 58276
2 29261
3 9879
4 2407
5 496
6 105
7 8
8 1
X^2: 160142
My Hash
1 58272
2 29438
3 9747
4 2469
5 481
6 84
7 9
X^2: 159504
Expected Value: 0.999686
Capacity: 159287
Super Fast Hash
1 58723
2 29032
3 9810
4 2455
5 497
6 99
7 15
8 2
X^2: 160136
Book Hash
1 58576
2 29357
3 9809
4 2393
5 481
6 71
7 13
8 1
9 2
X^2: 158880
Cat Hash
1 58787
2 29476
3 9724
4 2445
5 410
6 73
7 7
9 1
X^2: 157491
My Hash
1 58969
2 29284
3 9662
4 2435
5 478
6 74
7 20
X^2: 158480
Expected Value: 6.99912
Capacity: 22751
Super Fast Hash
1 159
2 486
3 1191
4 2069
5 2847
6 3441
7 3447
8 2928
9 2252
10 1678
11 988
12 642
13 304
14 171
15 84
16 19
17 13
18 4
X^2: 22670
Book Hash
1 145
2 486
3 1137
4 2058
5 3010
6 3405
7 3411
8 2903
9 2300
10 1669
11 1009
12 613
13 313
14 140
15 81
16 34
17 11
18 1
19 2
20 1
X^2: 22423.4
Cat Hash
1 148
2 507
3 1194
4 2065
5 2892
6 3308
7 3468
8 2956
9 2409
10 1583
11 987
12 638
13 315
14 160
15 59
16 29
17 14
18 2
19 1
X^2: 22434.8
My Hash
1 158
2 514
3 1220
4 2061
5 2928
6 3341
7 3401
8 2934
9 2270
10 1613
11 1041
12 612
13 342
14 179
15 81
16 27
17 9
18 3
21 1
X^2: 22980.6
Expected Value: 22.9217
Capacity: 6947
Super Fast Hash
6 1
9 3
10 3
11 15
12 24
13 64
14 89
15 143
16 227
17 256
18 376
19 453
20 514
21 563
22 590
23 576
24 570
25 578
26 421
27 375
28 287
29 229
30 162
31 130
32 107
33 81
34 39
35 26
36 10
37 9
38 12
39 7
40 5
42 1
43 1
X^2: 6690.23
Book Hash
6 1
7 2
8 1
9 3
10 11
11 23
12 33
13 68
14 89
15 163
16 225
17 308
18 330
19 437
20 528
21 513
22 580
23 556
24 569
25 527
26 436
27 371
28 294
29 251
30 181
31 139
32 106
33 66
34 45
35 37
36 16
37 12
38 8
39 6
40 4
41 2
42 3
43 1
44 1
46 1
X^2: 7207.64
Cat Hash
7 1
8 1
9 3
10 6
11 9
12 40
13 59
14 82
15 142
16 219
17 269
18 370
19 468
20 516
21 547
22 565
23 640
24 575
25 470
26 428
27 378
28 303
29 262
30 185
31 144
32 82
33 71
34 42
35 29
36 13
37 14
38 5
39 4
40 3
41 1
42 1
X^2: 6702.88
My Hash
6 1
7 2
8 7
9 9
10 12
11 25
12 52
13 69
14 115
15 176
16 245
17 307
18 346
19 463
20 490
21 506
22 539
23 545
24 558
25 451
26 385
27 337
28 302
29 258
30 233
31 110
32 102
33 91
34 77
35 44
36 29
37 23
38 16
39 8
40 4
41 4
42 5
43 1
X^2: 8237.93
Expected Value: 0.607441
Capacity: 262144
Super Fast Hash
1 86386
2 26448
3 5345
4 819
5 113
6 12
7 1
X^2: 263344
Book Hash
1 86924
2 26217
3 5342
4 832
5 90
6 10
7 1
8 1
X^2: 262047
Cat Hash
1 3806
2 3093
3 2657
4 2240
5 2015
6 1681
7 1430
8 1136
9 973
10 774
11 594
12 491
13 356
14 307
15 292
16 216
17 209
18 172
19 134
20 124
21 121
22 116
23 99
24 91
25 91
26 70
27 56
28 53
29 45
30 44
31 55
32 45
33 33
34 38
35 27
36 21
37 28
38 32
39 17
40 20
41 13
42 13
43 8
44 6
45 19
46 6
47 8
48 10
49 7
50 3
51 6
52 1
53 2
54 3
55 3
56 2
57 2
58 1
59 1
60 1
61 2
X^2: 3.46813e+006
My Hash
1 14700
2 8238
3 5877
4 4491
5 3582
6 2784
7 2210
8 1645
9 1097
10 700
11 456
12 269
13 156
14 67
15 41
16 18
17 5
18 2
19 5
20 1
X^2: 1.29957e+006
Expected Value: 4.85953
Capacity: 32768
Super Fast Hash
1 1217
2 2943
3 4980
4 5906
5 5640
6 4697
7 3214
8 1978
9 1026
10 513
11 228
12 92
13 35
14 19
15 9
16 1
18 1
X^2: 32954.7
Book Hash
1 1222
2 3006
3 4960
4 5798
5 5731
6 4617
7 3263
8 1946
9 1095
10 525
11 219
12 73
13 36
14 13
15 4
16 3
17 1
X^2: 32832.5
Cat Hash
1 95
2 146
3 162
4 172
5 153
6 170
7 158
8 152
9 150
10 150
11 133
12 117
13 147
14 133
15 109
16 113
17 105
18 95
19 114
20 105
21 123
22 103
23 108
24 90
25 92
26 102
27 92
28 86
29 87
30 78
31 74
32 81
33 64
34 71
35 58
36 69
37 64
38 62
39 60
40 54
41 68
42 54
43 44
44 52
45 46
46 35
47 31
48 31
49 36
50 33
51 39
52 26
53 25
54 23
55 26
56 32
57 23
58 23
59 20
60 20
61 20
62 26
63 18
64 16
65 21
66 19
67 18
68 16
69 13
70 23
71 17
72 13
73 14
74 14
75 6
76 13
77 14
78 11
79 9
80 6
81 7
82 6
83 7
84 12
85 6
86 12
87 3
88 8
89 4
90 7
91 5
92 6
93 5
94 5
95 3
96 12
97 7
98 5
99 7
100 4
101 2
102 5
103 5
104 4
105 8
106 6
107 3
108 8
109 4
110 6
111 3
112 5
113 3
114 2
115 4
117 7
118 1
119 2
120 3
121 5
122 2
123 1
124 1
125 1
126 3
127 1
128 1
131 2
132 1
133 2
134 4
135 1
137 2
138 4
139 1
141 1
142 3
143 2
144 2
146 3
147 1
148 2
149 2
150 1
151 1
153 3
156 1
158 2
159 1
162 1
163 2
164 1
165 1
166 1
167 1
171 1
175 2
176 1
182 1
193 1
199 1
X^2: 1.57851e+006
My Hash
1 1314
2 787
3 557
4 424
5 392
6 307
7 261
8 257
9 222
10 187
11 183
12 170
13 176
14 147
15 131
16 142
17 133
18 104
19 110
20 107
21 98
22 98
23 80
24 120
25 96
26 78
27 86
28 84
29 69
30 81
31 77
32 69
33 78
34 76
35 74
36 85
37 52
38 47
39 69
40 75
41 54
42 67
43 50
44 58
45 59
46 51
47 55
48 55
49 40
50 47
51 54
52 51
53 50
54 36
55 54
56 55
57 49
58 40
59 29
60 32
61 35
62 32
63 29
64 34
65 25
66 26
67 20
68 17
69 18
70 23
71 15
72 17
73 12
74 6
75 12
76 8
77 10
78 3
79 3
80 1
81 1
82 1
83 1
84 2
85 2
87 1
88 1
91 1
X^2: 1.07548e+006
Expected Value: 19.4381
Capacity: 8192
Super Fast Hash
6 2
7 9
8 13
9 28
10 63
11 116
12 166
13 282
14 395
15 481
16 604
17 652
18 746
19 710
20 700
21 657
22 618
23 491
24 407
25 326
26 229
27 151
28 133
29 80
30 62
31 32
32 18
33 9
34 3
35 3
36 4
37 1
39 1
X^2: 8239.62
Book Hash
5 1
6 1
7 3
8 19
9 37
10 57
11 96
12 210
13 255
14 337
15 470
16 552
17 698
18 766
19 766
20 730
21 701
22 582
23 517
24 388
25 319
26 224
27 152
28 103
29 72
30 61
31 32
32 23
33 8
34 4
35 3
36 3
37 1
40 1
X^2: 7981.47
Cat Hash
1 9
2 1
5 1
6 1
7 1
8 2
9 7
10 7
11 5
12 6
13 7
14 13
15 14
16 10
17 10
18 9
19 8
20 8
21 11
22 9
23 6
24 8
25 14
26 15
27 11
28 8
29 6
30 11
31 13
32 12
33 18
34 8
35 12
36 5
37 17
38 9
39 11
40 14
41 10
42 7
43 6
44 10
45 2
46 9
47 9
48 10
49 4
50 7
51 4
52 6
53 5
54 8
55 7
56 4
57 9
58 5
59 7
60 3
61 3
62 6
63 3
64 5
65 5
66 3
67 3
68 5
69 2
70 2
71 4
72 6
73 4
74 1
75 4
76 4
77 4
78 3
79 3
80 6
81 4
82 5
83 6
84 1
85 13
86 5
87 4
88 2
89 9
90 11
91 8
92 6
93 3
94 4
95 6
96 10
97 11
98 9
99 6
100 8
101 10
102 8
103 12
104 9
105 12
106 1
107 6
108 15
109 7
110 7
111 8
112 10
113 8
114 7
115 8
116 10
117 4
118 9
119 12
120 5
121 7
122 4
123 7
124 3
125 8
126 9
127 6
128 11
129 4
130 6
131 14
132 4
133 8
134 6
135 4
136 8
137 3
138 4
139 3
140 6
141 9
142 7
143 4
144 6
145 6
146 4
147 3
148 8
149 5
150 4
151 6
152 2
153 7
154 3
155 1
156 8
157 7
158 4
159 7
160 4
161 1
162 2
163 2
164 2
165 3
166 9
167 5
168 1
169 2
170 4
171 4
172 3
173 2
174 3
175 4
176 4
177 6
178 7
179 1
180 3
181 3
182 2
183 3
184 3
185 3
186 4
187 7
188 3
189 1
190 3
191 5
192 5
193 3
194 4
195 2
196 2
197 6
198 1
199 3
201 1
202 2
203 2
204 3
205 1
206 2
207 2
208 2
209 3
210 1
211 5
212 1
213 3
214 5
215 2
216 2
217 2
218 1
219 3
220 2
221 1
222 2
223 2
224 3
225 2
227 2
229 2
230 2
231 1
232 4
233 4
234 3
235 8
238 3
239 3
240 3
241 2
242 4
243 3
244 3
245 3
246 4
247 2
248 5
250 1
251 2
252 2
254 1
255 1
257 2
258 2
259 1
260 2
262 1
263 2
264 2
265 1
266 2
267 2
270 1
272 1
273 1
275 5
279 1
280 3
283 1
284 3
285 2
286 1
287 1
288 2
289 3
290 2
291 1
293 1
294 1
296 1
297 1
300 2
301 2
302 1
304 1
311 1
312 2
314 1
315 1
317 1
320 1
326 2
328 1
329 2
333 1
349 1
357 1
359 1
360 1
361 2
362 1
370 1
373 1
377 1
402 2
418 1
468 1
X^2: 1.22671e+006
My Hash
1 268
2 134
3 126
4 78
5 65
6 75
7 58
8 50
9 47
10 40
11 44
12 38
13 36
14 34
15 47
16 26
17 30
18 27
19 39
20 25
21 12
22 19
23 25
24 23
25 18
26 26
27 27
28 20
29 21
30 27
31 22
32 22
33 16
34 23
35 14
36 18
37 20
38 21
39 19
40 19
41 10
42 20
43 17
44 11
45 19
46 16
47 21
48 14
49 17
50 17
51 15
52 18
53 13
54 14
55 17
56 13
57 18
58 10
59 14
60 16
61 16
62 15
63 18
64 11
65 22
66 16
67 19
68 16
69 13
70 20
71 18
72 15
73 12
74 20
75 21
76 16
77 13
78 18
79 17
80 17
81 13
82 22
83 19
84 16
85 21
86 10
87 20
88 11
89 22
90 17
91 22
92 26
93 16
94 20
95 19
96 20
97 20
98 19
99 21
100 22
101 20
102 15
103 24
104 24
105 14
106 11
107 20
108 16
109 17
110 12
111 19
112 18
113 9
114 16
115 13
116 13
117 17
118 13
119 15
120 10
121 13
122 15
123 11
124 9
125 8
126 11
127 12
128 14
129 18
130 7
131 11
132 7
133 10
134 5
135 4
136 10
137 9
138 4
139 4
140 2
141 4
142 4
143 6
144 3
145 5
146 3
147 3
148 1
149 1
150 2
151 1
155 1
156 2
159 1
160 2
162 1
163 1
165 1
X^2: 554389
Expected Value: 0.607434
Capacity: 262147
Super Fast Hash
1 86389
2 26147
3 5483
4 855
5 125
6 10
X^2: 264659
Book Hash
1 87409
2 26223
3 5167
4 841
5 95
6 7
X^2: 260376
Cat Hash
1 67410
2 25473
3 8497
4 2527
5 739
6 186
7 55
8 5
9 4
10 1
X^2: 359037
My Hash
1 86685
2 26430
3 5354
4 753
5 103
6 16
7 1
X^2: 261943
Expected Value: 4.85908
Capacity: 32771
Super Fast Hash
1 1283
2 2990
3 4902
4 5794
5 5834
6 4511
7 3257
8 1917
9 1099
10 560
11 223
12 94
13 34
14 6
15 5
16 3
X^2: 33174.8
Book Hash
1 1213
2 3001
3 4895
4 5891
5 5782
6 4660
7 3153
8 2040
9 1024
10 530
11 200
12 92
13 29
14 18
15 1
16 3
X^2: 32508.9
Cat Hash
1 1299
2 3003
3 4860
4 5879
5 5615
6 4605
7 3165
8 1964
9 1077
10 568
11 263
12 99
13 41
14 11
15 6
16 1
17 1
X^2: 34039.6
My Hash
1 1231
2 3054
3 4750
4 5870
5 5920
6 4657
7 3173
8 1912
9 1050
10 535
11 231
12 99
13 30
14 10
15 4
X^2: 32630.7
Expected Value: 19.4405
Capacity: 8191
Super Fast Hash
5 1
6 3
7 6
8 15
9 25
10 45
11 122
12 179
13 272
14 374
15 520
16 577
17 675
18 746
19 774
20 663
21 660
22 555
23 528
24 415
25 298
26 209
27 193
28 117
29 77
30 61
31 36
32 19
33 15
34 4
35 3
36 3
38 1
X^2: 8222.47
Book Hash
7 7
8 24
9 29
10 63
11 127
12 183
13 268
14 382
15 500
16 580
17 685
18 685
19 725
20 698
21 650
22 606
23 477
24 435
25 326
26 225
27 182
28 125
29 75
30 52
31 28
32 22
33 21
34 6
35 3
36 1
38 1
X^2: 8409.4
Cat Hash
2 1
3 4
4 13
5 17
6 35
7 55
8 106
9 146
10 182
11 221
12 309
13 383
14 400
15 453
16 514
17 526
18 499
19 505
20 461
21 475
22 444
23 416
24 327
25 301
26 253
27 240
28 187
29 153
30 114
31 103
32 92
33 80
34 48
35 31
36 32
37 18
38 17
39 10
40 7
41 3
42 3
44 2
45 2
46 1
48 1
49 1
X^2: 17220.1
My Hash
5 3
6 6
7 19
8 32
9 56
10 82
11 152
12 209
13 308
14 390
15 457
16 555
17 657
18 698
19 667
20 625
21 623
22 562
23 500
24 409
25 324
26 207
27 178
28 136
29 119
30 64
31 54
32 36
33 30
34 18
35 11
36 3
37 1
X^2: 9946.19
Expected Value: 0.809901
Capacity: 196613
Super Fast Hash
1 70800
2 28709
3 7782
4 1525
5 263
6 38
7 3
9 1
X^2: 196665
Book Hash
1 71117
2 28915
3 7668
4 1515
5 221
6 19
7 1
X^2: 194247
Cat Hash
1 70079
2 28572
3 7869
4 1656
5 297
6 46
7 2
8 1
X^2: 199976
My Hash
1 69360
2 28552
3 7967
4 1726
5 320
6 53
7 6
8 1
X^2: 202725
Expected Value: 6.47489
Capacity: 24593
Super Fast Hash
1 248
2 788
3 1702
4 2747
5 3607
6 4000
7 3620
8 2782
9 2068
10 1378
11 783
12 428
13 245
14 85
15 44
16 16
17 14
18 1
X^2: 24609.6
Book Hash
1 273
2 821
3 1755
4 2777
5 3611
6 3804
7 3605
8 2798
9 2050
10 1351
11 793
12 466
13 241
14 130
15 48
16 17
17 4
18 8
19 1
X^2: 25537.8
Cat Hash
1 259
2 811
3 1727
4 2800
5 3504
6 3905
7 3573
8 2937
9 2058
10 1379
11 798
12 429
13 209
14 107
15 38
16 13
17 6
18 6
19 3
20 1
X^2: 24756.1
My Hash
1 251
2 761
3 1728
4 2775
5 3682
6 3793
7 3627
8 2897
9 2076
10 1343
11 837
12 430
13 199
14 94
15 39
16 20
17 5
18 3
19 1
X^2: 24450.6
Expected Value: 25.888
Capacity: 6151
Super Fast Hash
10 1
11 4
12 6
13 17
14 20
15 41
16 67
17 109
18 163
19 210
20 246
21 299
22 415
23 455
24 439
25 481
26 484
27 469
28 410
29 370
30 307
31 263
32 237
33 192
34 134
35 107
36 67
37 48
38 31
39 24
40 8
41 18
42 3
43 3
44 2
47 1
X^2: 6180.54
Book Hash
9 1
10 1
11 3
12 6
13 8
14 22
15 62
16 66
17 93
18 154
19 198
20 257
21 326
22 369
23 447
24 434
25 519
26 480
27 500
28 432
29 361
30 304
31 262
32 230
33 187
34 126
35 82
36 74
37 49
38 41
39 18
40 12
41 15
42 3
43 5
44 1
45 3
X^2: 6113.95
Cat Hash
10 1
11 2
12 4
13 13
14 23
15 31
16 73
17 92
18 159
19 213
20 248
21 334
22 394
23 455
24 486
25 491
26 477
27 449
28 426
29 367
30 321
31 249
32 220
33 163
34 119
35 98
36 83
37 60
38 39
39 18
40 14
41 10
42 12
43 3
44 2
45 1
46 1
X^2: 6141.37
My Hash
10 2
11 5
12 9
13 10
14 34
15 40
16 70
17 113
18 142
19 188
20 244
21 332
22 375
23 438
24 458
25 489
26 469
27 500
28 406
29 402
30 343
31 253
32 222
33 181
34 119
35 104
36 58
37 54
38 32
39 32
40 8
41 9
42 3
43 5
45 2
X^2: 6098.73
