Expected Value: 1
Capacity: 3118
Super Fast Hash
1 1156
2 575
3 185
4 44
5 15
6 1
X^2: 3118
Book Hash
1 1118
2 544
3 196
4 59
5 14
6 3
X^2: 3342
Cat Hash
1 1155
2 552
3 184
4 53
5 13
6 5
X^2: 3254
My Hash
1 1162
2 545
3 198
4 54
5 10
6 1
X^2: 3156
Expected Value: 0.999679
Capacity: 3119
Super Fast Hash
1 1146
2 587
3 174
4 54
5 12
X^2: 3108
Book Hash
1 1145
2 556
3 200
4 52
5 7
6 3
X^2: 3168.02
Cat Hash
1 1190
2 550
3 186
4 53
5 8
6 3
X^2: 3103.99
My Hash
1 1109
2 584
3 175
4 55
5 13
6 4
7 1
X^2: 3302.06
Expected Value: 6.94432
Capacity: 449
Super Fast Hash
1 2
2 12
3 26
4 40
5 74
6 56
7 65
8 47
9 43
10 39
11 19
12 13
13 9
14 2
15 2
X^2: 467.664
Book Hash
2 12
3 29
4 33
5 69
6 65
7 53
8 74
9 34
10 42
11 17
12 12
13 7
14 1
15 1
X^2: 421.295
Cat Hash
2 10
3 28
4 50
5 57
6 55
7 79
8 50
9 44
10 37
11 15
12 11
13 5
14 4
15 3
17 1
X^2: 456.72
My Hash
1 3
2 14
3 21
4 40
5 53
6 71
7 66
8 62
9 41
10 39
11 19
12 15
13 3
14 2
X^2: 417.263
Expected Value: 22.7591
Capacity: 137
Super Fast Hash
12 2
13 1
14 2
15 1
16 5
17 8
18 4
19 8
20 14
21 18
22 7
23 13
24 5
25 9
26 5
27 13
28 8
29 2
30 3
31 4
32 2
33 2
35 1
X^2: 131.861
Book Hash
11 2
13 2
15 2
16 4
17 5
18 7
19 12
20 9
21 13
22 13
23 14
24 12
25 6
26 6
27 9
28 3
29 5
30 2
31 5
32 4
33 1
34 1
X^2: 129.577
Cat Hash
13 2
14 1
15 3
16 2
17 5
18 9
19 12
20 13
21 13
22 14
23 10
24 7
25 13
26 8
27 5
28 7
29 4
31 2
33 3
34 1
35 1
37 1
40 1
X^2: 134.058
My Hash
12 1
13 3
14 1
15 2
16 5
17 7
18 7
19 8
20 11
21 11
22 7
23 15
24 12
25 14
26 4
27 7
28 8
29 5
30 3
31 1
33 1
34 2
37 2
X^2: 136.783
Expected Value: 0.76123
Capacity: 4096
Super Fast Hash
1 1464
2 558
3 140
4 22
5 6
X^2: 4051.97
Book Hash
1 1402
2 544
3 164
4 29
5 4
X^2: 4262.16
Cat Hash
1 820
2 254
3 93
4 51
5 30
6 22
7 27
8 13
9 14
10 8
11 3
12 3
13 3
14 3
15 2
16 3
17 2
18 1
19 2
21 1
26 1
28 1
29 2
36 1
39 1
X^2: 23486.3
My Hash
1 1339
2 550
3 148
4 43
5 9
6 3
X^2: 4622.1
Expected Value: 6.08984
Capacity: 512
Super Fast Hash
1 10
2 21
3 50
4 64
5 82
6 82
7 67
8 47
9 32
10 30
11 14
12 5
13 3
14 3
15 2
X^2: 562.226
Book Hash
1 18
2 25
3 49
4 63
5 79
6 60
7 56
8 54
9 39
10 25
11 18
12 10
13 5
14 3
15 2
16 1
X^2: 710.998
Cat Hash
1 104
2 63
3 45
4 43
5 34
6 31
7 17
8 12
9 10
10 8
11 7
12 3
13 1
14 5
16 4
17 1
18 2
19 1
20 2
21 3
22 1
23 1
24 2
27 1
28 2
29 2
33 2
34 2
35 1
37 1
38 1
40 1
42 1
50 1
52 1
61 1
62 2
68 1
72 1
74 1
76 1
78 1
190 1
X^2: 15173.4
My Hash
1 26
2 41
3 52
4 57
5 53
6 50
7 43
8 46
9 41
10 32
11 27
12 10
13 9
14 5
15 3
16 1
18 1
20 1
X^2: 1008.54
Expected Value: 12.1323
Capacity: 257
Super Fast Hash
4 1
5 2
6 9
7 9
8 17
9 23
10 25
11 30
12 31
13 24
14 24
15 14
16 19
17 11
18 8
19 4
20 3
21 3
X^2: 252.178
Book Hash
4 2
6 7
7 19
8 17
9 24
10 31
11 21
12 24
13 17
14 27
15 15
16 24
17 6
18 8
19 6
20 4
21 4
22 1
X^2: 291.742
Cat Hash
2 1
3 2
4 1
5 3
6 4
7 9
8 19
9 19
10 30
11 30
12 27
13 26
14 25
15 14
16 13
17 14
18 8
19 6
20 3
21 2
23 1
X^2: 274.433
My Hash
3 2
4 3
5 2
6 1
7 8
8 19
9 16
10 29
11 33
12 29
13 26
14 32
15 19
16 13
17 12
18 5
19 4
20 3
22 1
X^2: 229.264
Expected Value: 1.01267
Capacity: 3079
Super Fast Hash
1 1125
2 575
3 195
4 52
5 10
X^2: 3065.67
Book Hash
1 1126
2 563
3 195
4 56
5 9
6 2
X^2: 3128.87
Cat Hash
1 1176
2 555
3 189
4 51
5 11
6 1
X^2: 3028.15
My Hash
1 1081
2 587
3 205
4 48
5 5
6 4
7 1
X^2: 3162.45
Expected Value: 8.01542
Capacity: 389
Super Fast Hash
1 2
2 3
3 9
4 21
5 23
6 56
7 48
8 58
9 71
10 34
11 26
12 23
13 6
14 6
15 3
X^2: 320.371
Book Hash
1 2
2 1
3 11
4 26
5 40
6 40
7 44
8 61
9 46
10 46
11 37
12 13
13 10
14 7
15 4
16 1
X^2: 364.536
Cat Hash
1 1
2 3
3 10
4 21
5 39
6 54
7 42
8 60
9 55
10 35
11 26
12 15
13 15
14 5
15 3
16 3
17 1
18 1
X^2: 386.244
My Hash
1 1
2 5
3 8
4 23
5 39
6 50
7 46
8 54
9 60
10 30
11 32
12 15
13 9
14 9
15 3
16 4
18 1
X^2: 393.48
Expected Value: 16.1554
Capacity: 193
Super Fast Hash
7 1
8 3
9 4
10 3
11 7
12 15
13 15
14 17
15 21
16 18
17 20
18 14
19 18
20 18
21 5
22 4
23 5
24 2
25 1
26 1
27 1
X^2: 165.971
Book Hash
7 2
8 3
9 3
10 6
11 8
12 13
13 15
14 19
15 16
16 22
17 17
18 13
19 15
20 15
21 10
22 5
23 3
24 2
25 5
26 1
X^2: 185.779
Cat Hash
7 2
8 1
9 4
10 5
11 9
12 12
13 15
14 22
15 19
16 16
17 19
18 16
19 12
20 16
21 9
22 7
23 5
24 1
26 1
27 1
29 1
X^2: 178.227
My Hash
6 2
7 1
8 4
9 5
10 8
11 6
12 8
13 16
14 16
15 17
16 17
17 20
18 18
19 18
20 13
21 7
22 6
23 3
24 1
25 4
26 1
27 1
30 1
X^2: 208.805
