Expected Value: 1
Capacity: 159237
Super Fast Hash
1 52700
2 23949
3 8790
4 3175
5 1244
6 554
7 311
8 181
9 118
10 88
11 65
12 46
13 34
14 31
15 18
16 17
17 4
18 10
19 9
20 13
21 3
22 5
23 7
24 6
25 6
26 2
27 3
28 1
30 1
31 2
33 1
34 2
35 1
37 1
40 1
X^2: 292344
Book Hash
1 52933
2 24151
3 8658
4 3156
5 1245
6 572
7 289
8 185
9 122
10 73
11 50
12 54
13 50
14 21
15 18
16 11
17 12
18 6
19 9
20 11
21 10
22 4
23 7
24 2
25 5
26 3
27 4
28 1
30 1
31 1
34 2
35 1
37 1
38 1
40 1
X^2: 289802
Cat Hash
1 53001
2 23982
3 8731
4 3125
5 1199
6 595
7 303
8 192
9 119
10 85
11 58
12 57
13 31
14 21
15 22
16 17
17 11
18 12
19 10
20 8
21 5
22 7
23 7
24 5
25 2
26 2
27 3
29 1
31 1
32 3
34 1
35 2
38 1
41 1
X^2: 291270
My Hash
1 52881
2 23806
3 8856
4 3128
5 1210
6 578
7 307
8 189
9 113
10 100
11 63
12 43
13 42
14 24
15 20
16 15
17 11
18 10
19 6
20 8
21 7
22 8
23 4
24 7
25 4
26 6
27 2
29 1
31 1
32 2
33 2
35 1
38 1
40 1
X^2: 293130
Expected Value: 0.999686
Capacity: 159287
Super Fast Hash
1 53157
2 23978
3 8670
4 3125
5 1264
6 566
7 299
8 184
9 122
10 77
11 69
12 45
13 35
14 25
15 12
16 21
17 10
18 12
19 9
20 7
21 9
22 5
23 8
24 4
25 4
26 4
27 2
28 1
30 1
33 1
34 2
36 2
39 1
41 1
X^2: 291001
Book Hash
1 52847
2 24144
3 8781
4 3069
5 1223
6 613
7 280
8 169
9 116
10 86
11 68
12 42
13 34
14 28
15 19
16 13
17 14
18 8
19 13
20 9
21 6
22 2
23 11
24 8
26 2
27 1
28 4
31 1
32 2
34 2
36 1
37 1
44 1
X^2: 290859
Cat Hash
1 52975
2 23726
3 8865
4 3153
5 1255
6 571
7 297
8 191
9 124
10 75
11 64
12 48
13 29
14 37
15 18
16 12
17 14
18 7
19 10
20 8
21 7
22 3
23 10
24 6
26 4
27 1
28 3
31 3
32 1
35 1
36 1
39 1
41 1
X^2: 291023
My Hash
1 52765
2 24082
3 8815
4 3096
5 1188
6 588
7 309
8 184
9 125
10 81
11 50
12 57
13 39
14 21
15 23
16 15
17 12
18 6
19 10
20 6
21 6
22 9
23 7
24 6
25 3
26 4
27 3
28 1
32 2
33 1
34 1
35 1
36 1
38 1
42 1
X^2: 292014
Expected Value: 6.99912
Capacity: 22751
Super Fast Hash
1 319
2 903
3 1625
4 2386
5 3002
6 3137
7 2805
8 2394
9 1835
10 1299
11 901
12 601
13 430
14 318
15 193
16 137
17 98
18 62
19 56
20 38
21 29
22 17
23 16
24 13
25 11
26 9
27 7
28 8
29 1
30 8
31 5
32 3
33 5
34 1
35 1
38 1
39 2
40 2
41 1
44 1
45 1
46 1
X^2: 41829.3
Book Hash
1 315
2 883
3 1674
4 2450
5 2996
6 3113
7 2798
8 2389
9 1755
10 1310
11 937
12 641
13 410
14 295
15 206
16 136
17 83
18 82
19 43
20 33
21 31
22 19
23 23
24 12
25 11
26 10
27 6
28 4
29 7
30 5
32 5
33 3
34 4
35 1
36 3
37 1
38 4
39 1
41 1
42 1
47 1
50 1
X^2: 42201.3
Cat Hash
1 318
2 899
3 1662
4 2398
5 2930
6 3128
7 2835
8 2420
9 1811
10 1341
11 874
12 649
13 415
14 292
15 188
16 140
17 93
18 83
19 32
20 37
21 22
22 18
23 16
24 13
25 16
26 7
27 6
28 11
29 8
30 4
31 6
32 1
33 5
34 1
35 1
36 1
37 3
39 2
40 1
45 1
46 2
47 1
X^2: 41941.6
My Hash
1 337
2 793
3 1691
4 2546
5 2907
6 3040
7 2850
8 2327
9 1856
10 1391
11 910
12 642
13 420
14 281
15 174
16 114
17 88
18 64
19 50
20 35
21 30
22 25
23 13
24 11
25 17
26 14
27 8
28 5
29 6
30 7
31 5
32 3
33 7
34 1
35 2
36 2
37 1
38 1
40 1
41 2
43 2
49 1
X^2: 42225.6
Expected Value: 22.9217
Capacity: 6947
Super Fast Hash
4 1
7 2
8 7
9 11
10 29
11 47
12 69
13 116
14 185
15 226
16 320
17 315
18 399
19 454
20 487
21 495
22 475
23 434
24 417
25 388
26 351
27 282
28 271
29 193
30 180
31 140
32 133
33 96
34 82
35 60
36 54
37 49
38 30
39 21
40 23
41 19
42 19
43 13
44 10
45 4
46 5
47 5
48 7
49 5
50 5
51 1
52 3
53 3
54 3
56 1
63 1
71 1
X^2: 12637.6
Book Hash
6 1
7 4
8 10
9 10
10 27
11 59
12 85
13 113
14 189
15 246
16 289
17 332
18 408
19 411
20 449
21 443
22 507
23 461
24 421
25 366
26 333
27 326
28 267
29 199
30 186
31 180
32 124
33 91
34 80
35 51
36 66
37 42
38 40
39 23
40 23
41 11
42 12
43 12
44 12
45 6
46 5
47 2
48 1
49 4
50 4
51 2
52 3
54 1
55 2
56 1
59 2
61 1
62 1
63 1
70 1
75 1
X^2: 12793.1
Cat Hash
7 1
8 3
9 11
10 33
11 43
12 76
13 119
14 173
15 247
16 286
17 344
18 397
19 432
20 474
21 465
22 455
23 467
24 433
25 389
26 384
27 293
28 242
29 239
30 194
31 136
32 117
33 88
34 88
35 57
36 54
37 40
38 28
39 26
40 24
41 14
42 11
43 9
44 11
45 9
46 7
47 3
48 6
49 1
51 4
52 4
53 2
54 2
55 2
56 1
61 2
66 1
X^2: 12294.1
My Hash
7 1
8 7
9 9
10 29
11 45
12 82
13 120
14 180
15 244
16 283
17 328
18 400
19 467
20 456
21 472
22 510
23 438
24 423
25 385
26 348
27 317
28 258
29 198
30 156
31 160
32 101
33 109
34 77
35 67
36 50
37 46
38 32
39 25
40 19
41 21
42 11
43 12
44 6
45 11
46 8
47 5
48 3
49 7
50 3
51 4
52 1
53 2
54 1
56 1
57 2
58 3
60 1
61 1
63 1
64 1
X^2: 12751.7
Expected Value: 0.607441
Capacity: 262144
Super Fast Hash
1 73936
2 22124
3 6148
4 1930
5 827
6 400
7 225
8 164
9 97
10 78
11 42
12 44
13 30
14 17
15 18
16 14
17 10
18 7
19 12
20 8
21 9
22 4
23 8
24 2
25 3
26 4
28 2
30 1
31 1
32 1
33 1
34 1
37 2
40 1
X^2: 479418
Book Hash
1 70743
2 22003
3 6576
4 2190
5 903
6 444
7 234
8 175
9 100
10 86
11 55
12 31
13 38
14 28
15 19
16 10
17 9
18 11
19 11
20 7
21 7
22 4
23 6
24 5
25 3
26 3
27 2
30 1
31 1
32 2
33 1
36 1
37 1
40 1
44 1
X^2: 501471
Cat Hash
1 53193
2 14398
3 5125
4 2395
5 1307
6 790
7 539
8 405
9 284
10 237
11 187
12 117
13 119
14 105
15 100
16 56
17 69
18 57
19 43
20 37
21 45
22 34
23 40
24 24
25 26
26 32
27 14
28 15
29 13
30 15
31 14
32 11
33 7
34 14
35 9
36 10
37 10
38 8
39 8
40 9
41 3
42 5
43 3
44 5
45 3
46 2
47 1
48 3
49 8
50 5
51 5
52 4
54 1
55 6
56 4
57 1
58 4
59 2
60 1
61 2
62 2
64 2
65 2
67 1
71 2
72 1
73 1
75 1
78 1
80 2
81 1
85 1
87 2
90 2
92 1
93 1
94 1
100 1
103 1
105 2
115 1
118 1
124 1
136 1
147 1
149 1
187 1
X^2: 2.01517e+006
My Hash
1 71905
2 21935
3 6409
4 2156
5 931
6 428
7 213
8 152
9 105
10 71
11 52
12 47
13 28
14 21
15 22
16 12
17 6
18 13
19 5
20 12
21 2
22 5
23 11
24 4
25 4
26 4
27 1
28 1
31 1
32 2
33 2
37 1
40 1
41 1
X^2: 493888
Expected Value: 4.85953
Capacity: 32768
Super Fast Hash
1 1930
2 3792
3 5293
4 5471
5 4826
6 3684
7 2588
8 1681
9 1065
10 658
11 419
12 230
13 181
14 109
15 82
16 61
17 41
18 29
19 19
20 20
21 21
22 16
23 7
24 11
25 8
26 11
27 4
28 3
29 5
30 3
31 3
32 1
35 2
38 3
40 2
43 1
X^2: 59989.9
Book Hash
1 2711
2 4304
3 4914
4 4745
5 3930
6 3190
7 2348
8 1703
9 1229
10 833
11 585
12 359
13 268
14 175
15 132
16 88
17 53
18 37
19 29
20 29
21 33
22 15
23 10
24 8
25 8
26 14
27 4
28 4
29 3
30 5
31 4
32 3
33 1
34 2
35 1
36 1
37 2
38 2
42 1
44 1
46 1
52 1
X^2: 77404.3
Cat Hash
1 5679
2 5709
3 4493
4 3360
5 2369
6 1673
7 1191
8 868
9 696
10 540
11 470
12 323
13 274
14 218
15 191
16 158
17 112
18 101
19 83
20 98
21 49
22 71
23 51
24 48
25 43
26 27
27 34
28 28
29 22
30 21
31 23
32 20
33 20
34 20
35 11
36 19
37 20
38 17
39 13
40 9
41 12
42 15
43 8
44 12
45 8
46 12
47 8
48 8
49 8
50 7
51 5
52 9
53 6
54 2
55 3
56 9
57 4
58 6
59 8
60 5
61 2
62 4
63 7
64 3
65 2
66 1
67 4
68 6
69 3
70 5
71 2
72 6
73 7
75 4
76 2
77 5
80 1
81 1
82 2
83 2
84 2
85 1
86 2
88 2
89 2
90 5
91 2
93 2
94 2
95 1
96 1
97 2
98 2
99 3
100 1
102 1
103 1
104 2
105 3
106 1
108 2
110 2
112 1
113 1
114 1
115 3
116 2
118 2
121 1
124 2
126 2
128 1
133 1
135 1
138 1
141 1
143 2
144 1
146 1
158 1
160 1
167 1
180 1
206 1
239 1
260 1
278 1
292 1
297 1
308 1
382 1
X^2: 579379
My Hash
1 2759
2 4080
3 4687
4 4626
5 4134
6 3254
7 2546
8 1782
9 1252
10 829
11 554
12 365
13 219
14 166
15 115
16 65
17 48
18 39
19 20
20 24
21 16
22 14
23 9
24 6
25 15
26 14
27 5
28 6
29 7
30 3
31 5
32 1
33 4
35 1
36 2
38 2
39 1
41 1
43 3
47 2
X^2: 75714
Expected Value: 19.4381
Capacity: 8192
Super Fast Hash
5 3
6 10
7 24
8 56
9 77
10 134
11 218
12 245
13 372
14 434
15 492
16 608
17 616
18 667
19 588
20 583
21 495
22 446
23 423
24 315
25 270
26 246
27 174
28 137
29 96
30 80
31 89
32 49
33 47
34 37
35 28
36 29
37 16
38 19
39 12
40 9
41 8
42 4
43 6
44 6
45 4
46 5
47 3
48 2
49 1
50 5
52 1
53 1
56 1
58 1
X^2: 14923.5
Book Hash
1 1
2 1
3 5
4 28
5 42
6 92
7 149
8 201
9 239
10 313
11 370
12 336
13 411
14 398
15 431
16 404
17 411
18 408
19 381
20 347
21 342
22 312
23 268
24 262
25 241
26 229
27 193
28 200
29 169
30 131
31 130
32 98
33 102
34 92
35 74
36 58
37 66
38 50
39 33
40 24
41 28
42 23
43 20
44 10
45 15
46 6
47 6
48 4
49 4
50 2
51 7
52 6
53 4
55 3
56 3
57 2
58 1
59 1
62 1
63 1
64 1
65 1
77 1
X^2: 30331
Cat Hash
1 29
2 108
3 195
4 311
5 387
6 439
7 463
8 505
9 448
10 436
11 410
12 356
13 297
14 317
15 251
16 264
17 217
18 207
19 178
20 155
21 172
22 151
23 121
24 138
25 121
26 108
27 70
28 102
29 75
30 74
31 54
32 64
33 41
34 58
35 62
36 42
37 38
38 34
39 41
40 29
41 23
42 28
43 27
44 20
45 17
46 35
47 18
48 12
49 17
50 21
51 9
52 7
53 14
54 11
55 8
56 13
57 10
58 11
59 7
60 8
61 11
62 10
63 3
64 7
65 5
66 7
67 8
68 7
69 6
70 7
71 2
72 2
73 3
74 5
75 7
76 4
77 10
78 4
79 7
80 4
81 1
82 4
83 2
84 2
85 4
86 2
87 2
88 3
89 3
90 1
91 1
92 2
93 5
94 4
95 5
96 2
97 4
98 1
99 1
100 3
101 1
103 2
104 2
106 3
107 3
108 2
110 3
112 2
113 3
114 2
115 1
117 1
118 2
120 4
121 1
122 2
123 5
124 1
125 2
126 1
127 2
129 3
132 2
134 1
136 2
137 1
142 5
143 1
144 2
145 2
146 1
147 2
152 2
159 2
163 3
165 1
167 1
169 2
170 1
172 1
182 1
184 2
186 1
188 1
189 2
193 1
197 1
199 1
201 1
202 1
204 1
205 2
213 1
215 1
220 1
222 1
224 1
230 1
231 1
232 1
233 1
236 1
240 1
243 1
252 1
261 1
263 1
267 2
268 1
273 1
276 1
290 1
300 1
301 1
306 1
309 1
323 1
327 1
330 1
335 1
362 2
368 1
396 1
399 2
441 1
504 1
544 1
758 1
X^2: 355109
My Hash
1 1
2 6
3 14
4 34
5 69
6 134
7 160
8 216
9 254
10 293
11 288
12 292
13 326
14 315
15 363
16 363
17 393
18 384
19 376
20 377
21 404
22 349
23 369
24 338
25 326
26 252
27 259
28 204
29 188
30 170
31 110
32 114
33 81
34 72
35 52
36 42
37 26
38 28
39 25
40 20
41 11
42 13
43 11
44 9
45 9
46 10
47 4
48 7
49 10
50 1
51 2
52 3
53 2
55 1
56 1
57 5
59 2
60 1
63 1
68 1
87 1
X^2: 27959.5
Expected Value: 0.607434
Capacity: 262147
Super Fast Hash
1 74044
2 21921
3 6325
4 1903
5 792
6 399
7 247
8 140
9 101
10 72
11 54
12 40
13 32
14 25
15 17
16 7
17 9
18 15
19 9
20 5
21 9
22 4
23 6
24 4
25 1
26 3
28 3
29 2
30 1
32 2
33 1
34 1
35 1
39 1
40 1
X^2: 479922
Book Hash
1 74184
2 22195
3 6083
4 1979
5 788
6 394
7 223
8 152
9 88
10 81
11 43
12 38
13 31
14 18
15 21
16 15
17 11
18 11
19 7
20 8
21 5
22 7
23 9
24 2
25 2
26 2
27 3
28 1
30 1
31 2
34 2
36 1
37 1
40 1
X^2: 476383
Cat Hash
1 71763
2 21698
3 6485
4 2169
5 871
6 472
7 241
8 166
9 99
10 86
11 60
12 33
13 28
14 25
15 18
16 15
17 9
18 13
19 9
20 7
21 7
22 6
23 8
24 3
25 2
26 4
27 1
28 1
30 1
31 1
32 1
33 2
35 1
37 1
41 1
X^2: 496958
My Hash
1 74074
2 21968
3 6242
4 1958
5 802
6 396
7 214
8 158
9 93
10 84
11 47
12 30
13 39
14 27
15 19
16 11
17 8
18 6
19 7
20 10
21 7
22 6
23 6
24 6
25 1
26 3
27 2
28 2
30 1
31 1
32 2
33 1
35 1
37 1
40 1
X^2: 478766
Expected Value: 4.85908
Capacity: 32771
Super Fast Hash
1 1922
2 3806
3 5075
4 5497
5 4879
6 3717
7 2613
8 1735
9 1032
10 693
11 408
12 254
13 145
14 114
15 76
16 53
17 36
18 26
19 22
20 24
21 13
22 10
23 13
24 12
25 9
26 5
27 4
28 5
29 5
30 2
31 3
34 3
35 2
36 3
38 1
39 1
40 1
43 1
X^2: 59666.7
Book Hash
1 1867
2 3835
3 5161
4 5573
5 4832
6 3625
7 2545
8 1753
9 1096
10 654
11 403
12 261
13 173
14 100
15 76
16 56
17 37
18 35
19 19
20 22
21 18
22 14
23 9
24 4
25 9
26 11
27 7
28 4
29 4
30 2
31 2
32 1
35 3
36 2
39 1
40 1
41 1
43 1
51 1
X^2: 60190.6
Cat Hash
1 2052
2 3898
3 5174
4 5444
5 4720
6 3627
7 2566
8 1643
9 1070
10 670
11 441
12 273
13 183
14 120
15 99
16 61
17 43
18 31
19 28
20 20
21 16
22 6
23 10
24 11
25 10
26 8
27 5
28 6
29 2
30 1
31 2
32 3
33 1
34 1
35 1
36 4
37 1
39 2
40 1
55 1
X^2: 62387.3
My Hash
1 1931
2 3850
3 5193
4 5485
5 4785
6 3684
7 2547
8 1746
9 1094
10 661
11 403
12 251
13 173
14 105
15 80
16 53
17 39
18 33
19 27
20 22
21 15
22 10
23 12
24 9
25 7
26 2
27 10
28 10
29 1
30 5
31 2
32 1
33 2
34 1
37 1
39 1
42 1
44 2
X^2: 60172.9
Expected Value: 19.4405
Capacity: 8191
Super Fast Hash
3 1
5 4
6 9
7 24
8 52
9 84
10 129
11 210
12 264
13 359
14 446
15 509
16 592
17 617
18 604
19 628
20 513
21 555
22 469
23 418
24 316
25 256
26 245
27 178
28 148
29 124
30 78
31 88
32 54
33 50
34 31
35 22
36 17
37 18
38 13
39 11
40 10
41 1
42 3
43 10
44 6
45 1
46 7
47 1
48 2
49 2
50 2
52 1
53 2
54 3
55 1
57 2
65 1
X^2: 14913.2
Book Hash
3 3
4 3
5 6
6 10
7 16
8 46
9 78
10 143
11 226
12 274
13 350
14 426
15 515
16 577
17 647
18 632
19 614
20 555
21 490
22 469
23 410
24 339
25 248
26 197
27 177
28 150
29 125
30 96
31 73
32 49
33 36
34 35
35 35
36 29
37 19
38 21
39 13
40 13
41 6
42 6
43 7
44 3
45 5
46 4
47 3
48 1
49 1
50 1
52 1
53 1
55 1
56 2
58 1
59 1
62 1
63 1
X^2: 15327.1
Cat Hash
3 1
4 2
5 5
6 15
7 33
8 63
9 71
10 158
11 220
12 322
13 391
14 460
15 537
16 571
17 595
18 569
19 559
20 517
21 523
22 409
23 340
24 321
25 293
26 223
27 205
28 147
29 126
30 95
31 93
32 53
33 42
34 42
35 30
36 29
37 22
38 17
39 16
40 12
41 6
42 10
43 8
44 7
45 3
46 3
47 2
48 6
49 3
50 4
51 3
52 2
54 2
59 1
60 1
62 1
63 1
78 1
X^2: 17037.5
My Hash
2 1
4 1
5 2
6 12
7 20
8 48
9 75
10 128
11 199
12 266
13 364
14 473
15 518
16 586
17 635
18 612
19 582
20 534
21 549
22 457
23 404
24 306
25 297
26 227
27 194
28 153
29 118
30 84
31 76
32 61
33 37
34 30
35 29
36 21
37 17
38 12
39 5
40 8
41 17
42 4
43 4
44 5
45 2
46 3
47 2
48 1
49 2
51 2
53 1
54 1
57 2
58 2
64 1
82 1
X^2: 14858.1
Expected Value: 0.809901
Capacity: 196613
Super Fast Hash
1 62723
2 23428
3 7613
4 2453
5 1026
6 459
7 246
8 171
9 117
10 83
11 47
12 46
13 30
14 34
15 17
16 13
17 11
18 9
19 8
20 8
21 9
22 4
23 7
24 5
25 5
26 1
27 3
30 2
31 2
33 2
36 1
37 1
40 1
X^2: 358322
Book Hash
1 62615
2 23582
3 7472
4 2580
5 945
6 497
7 250
8 177
9 106
10 69
11 60
12 38
13 36
14 20
15 14
16 20
17 14
18 8
19 9
20 6
21 8
22 5
23 8
24 6
25 6
27 2
28 2
30 1
31 1
32 2
33 1
35 1
39 1
40 1
X^2: 358235
Cat Hash
1 62209
2 23259
3 7649
4 2553
5 1032
6 504
7 289
8 157
9 107
10 86
11 47
12 48
13 28
14 23
15 17
16 10
17 10
18 16
19 12
20 8
21 8
22 5
23 6
24 5
25 2
26 2
27 2
28 1
30 1
31 1
32 1
33 3
35 1
37 1
41 1
X^2: 361144
My Hash
1 62523
2 23668
3 7528
4 2471
5 994
6 488
7 249
8 153
9 119
10 82
11 61
12 37
13 26
14 33
15 21
16 13
17 6
18 9
19 14
20 7
21 7
22 6
23 7
24 4
25 4
26 2
27 1
28 1
29 1
32 4
33 1
35 1
37 1
41 1
X^2: 357524
Expected Value: 6.47489
Capacity: 24593
Super Fast Hash
1 538
2 1297
3 2227
4 3032
5 3498
6 3342
7 2928
8 2275
9 1725
10 1169
11 764
12 507
13 333
14 259
15 166
16 96
17 86
18 64
19 36
20 29
21 22
22 17
23 16
24 11
25 9
26 10
27 11
28 8
29 6
30 3
31 6
32 2
33 2
35 1
36 1
38 2
39 1
40 1
41 1
42 1
43 2
47 1
X^2: 45765.8
Book Hash
1 499
2 1223
3 2271
4 3123
5 3399
6 3364
7 2955
8 2365
9 1688
10 1169
11 729
12 542
13 352
14 236
15 164
16 109
17 56
18 50
19 27
20 35
21 16
22 28
23 18
24 9
25 14
26 4
27 7
28 6
29 6
30 8
31 6
32 3
33 2
34 3
35 2
37 2
39 1
40 2
41 2
47 1
X^2: 45149.6
Cat Hash
1 493
2 1232
3 2298
4 3087
5 3450
6 3370
7 2924
8 2306
9 1642
10 1200
11 795
12 524
13 360
14 228
15 156
16 111
17 69
18 40
19 41
20 23
21 25
22 25
23 16
24 10
25 14
26 11
27 6
28 12
29 7
30 4
31 1
33 2
34 4
36 3
37 2
39 1
40 1
42 1
45 1
X^2: 45033.1
My Hash
1 488
2 1286
3 2279
4 3023
5 3436
6 3408
7 2887
8 2271
9 1751
10 1206
11 793
12 511
13 349
14 229
15 164
16 102
17 78
18 46
19 34
20 29
21 25
22 15
23 15
24 14
25 8
26 7
27 4
28 9
29 8
30 6
31 2
32 2
33 1
34 3
35 2
36 2
37 1
40 1
41 1
45 1
46 1
52 1
X^2: 44820.6
Expected Value: 25.888
Capacity: 6151
Super Fast Hash
7 1
8 4
9 1
10 6
11 9
12 22
13 39
14 75
15 78
16 125
17 163
18 197
19 296
20 329
21 317
22 349
23 413
24 387
25 375
26 409
27 336
28 312
29 325
30 242
31 249
32 193
33 163
34 124
35 95
36 93
37 74
38 61
39 51
40 47
41 27
42 28
43 18
44 24
45 20
46 16
47 8
48 8
49 9
50 5
52 3
53 5
54 2
55 4
56 5
57 1
59 3
60 1
65 1
66 1
70 1
82 1
X^2: 11356
Book Hash
9 3
10 5
11 7
12 19
13 45
14 72
15 101
16 129
17 156
18 208
19 273
20 278
21 339
22 390
23 368
24 400
25 393
26 405
27 370
28 284
29 364
30 219
31 206
32 198
33 149
34 131
35 110
36 103
37 80
38 68
39 52
40 43
41 31
42 26
43 22
44 19
45 16
46 12
47 5
48 4
49 4
50 13
51 5
52 4
53 3
54 6
55 2
56 3
57 1
58 1
60 1
61 1
62 1
65 1
66 1
68 1
X^2: 11205.1
Cat Hash
7 1
9 3
10 5
11 7
12 21
13 34
14 53
15 96
16 136
17 157
18 219
19 251
20 329
21 358
22 351
23 390
24 406
25 381
26 367
27 347
28 327
29 308
30 258
31 219
32 211
33 190
34 146
35 105
36 88
37 70
38 48
39 50
40 44
41 32
42 24
43 14
44 16
45 16
46 11
47 9
48 8
49 8
50 1
51 9
52 6
53 1
54 5
55 2
56 3
57 1
58 2
60 2
64 1
66 1
67 1
68 1
73 1
X^2: 11041.6
My Hash
8 1
10 6
11 10
12 26
13 34
14 65
15 89
16 110
17 182
18 201
19 298
20 287
21 335
22 351
23 388
24 412
25 412
26 372
27 359
28 326
29 301
30 260
31 238
32 178
33 159
34 142
35 104
36 105
37 65
38 60
39 56
40 33
41 30
42 27
43 19
44 26
45 17
46 10
47 10
48 7
49 5
50 7
51 5
52 3
53 2
54 4
55 2
56 2
57 1
58 2
60 1
61 1
63 1
65 1
67 1
71 2
X^2: 11072.5
