Expected Value: 1
Capacity: 159237
Super Fast Hash
1 58437
2 29090
3 9818
4 2502
5 515
6 82
7 13
X^2: 160418
Book Hash
1 58525
2 29422
3 9761
4 2372
5 497
6 89
7 10
8 1
X^2: 158960
Cat Hash
1 58477
2 29554
3 9671
4 2425
5 493
6 72
7 6
X^2: 158506
My Hash
1 58574
2 29404
3 9682
4 2448
5 474
6 91
7 12
8 1
9 1
X^2: 159118
Expected Value: 0.999686
Capacity: 159287
Super Fast Hash
1 58639
2 29384
3 9722
4 2406
5 472
6 100
7 8
8 3
X^2: 159016
Book Hash
1 58780
2 29375
3 9749
4 2374
5 467
6 89
7 10
8 2
9 1
X^2: 158446
Cat Hash
1 58584
2 29481
3 9749
4 2389
5 464
6 79
7 11
8 1
9 1
X^2: 158464
My Hash
1 58929
2 29424
3 9643
4 2390
5 478
6 74
7 15
8 4
X^2: 158120
Expected Value: 6.99912
Capacity: 22751
Super Fast Hash
1 159
2 490
3 1174
4 2095
5 2989
6 3351
7 3355
8 2940
9 2312
10 1583
11 1026
12 628
13 318
14 163
15 90
16 34
17 13
18 6
19 1
22 1
X^2: 22994.6
Book Hash
1 136
2 524
3 1187
4 2069
5 2895
6 3382
7 3404
8 2972
9 2369
10 1587
11 948
12 619
13 342
14 181
15 67
16 31
17 10
18 5
19 3
X^2: 22708.8
Cat Hash
1 135
2 514
3 1223
4 2141
5 2909
6 3309
7 3387
8 2989
9 2221
10 1573
11 1080
12 611
13 324
14 185
15 77
16 32
17 15
18 6
19 2
20 1
X^2: 23123.2
My Hash
1 163
2 482
3 1227
4 2079
5 2899
6 3366
7 3378
8 2969
9 2324
10 1617
11 994
12 588
13 327
14 178
15 74
16 40
17 18
18 5
19 1
20 2
X^2: 23000.3
Expected Value: 22.9217
Capacity: 6947
Super Fast Hash
5 1
7 2
8 4
9 5
10 5
11 16
12 31
13 63
14 97
15 145
16 201
17 270
18 369
19 445
20 534
21 588
22 578
23 550
24 531
25 514
26 458
27 403
28 292
29 253
30 176
31 135
32 89
33 62
34 49
35 25
36 20
37 15
38 7
39 8
40 3
41 2
43 1
X^2: 6905.48
Book Hash
7 1
8 1
9 6
10 13
11 16
12 26
13 65
14 97
15 143
16 173
17 313
18 413
19 427
20 495
21 538
22 599
23 563
24 540
25 525
26 430
27 404
28 319
29 250
30 177
31 125
32 97
33 72
34 57
35 14
36 17
37 17
38 6
39 2
40 3
41 1
42 1
43 1
X^2: 6870.76
Cat Hash
7 1
8 2
9 7
10 17
11 19
12 30
13 73
14 88
15 147
16 212
17 279
18 361
19 453
20 473
21 564
22 568
23 603
24 549
25 507
26 438
27 376
28 303
29 260
30 195
31 132
32 102
33 65
34 49
35 31
36 22
37 7
38 6
39 4
40 1
41 2
43 1
X^2: 6994.48
My Hash
8 2
9 4
10 10
11 27
12 30
13 51
14 114
15 168
16 196
17 270
18 343
19 451
20 503
21 571
22 575
23 598
24 516
25 521
26 449
27 388
28 292
29 246
30 193
31 135
32 111
33 70
34 45
35 25
36 19
37 7
38 4
39 8
40 3
43 1
44 1
X^2: 6952.51
Expected Value: 0.607441
Capacity: 262144
Super Fast Hash
1 87030
2 26383
3 5255
4 792
5 93
6 6
7 1
X^2: 260753
Book Hash
1 86526
2 26281
3 5431
4 851
5 82
6 7
X^2: 262939
Cat Hash
1 86826
2 26057
3 5411
4 884
5 91
6 11
7 1
X^2: 263219
My Hash
1 86053
2 26315
3 5518
4 834
5 112
6 15
7 2
X^2: 265096
Expected Value: 4.85953
Capacity: 32768
Super Fast Hash
1 1232
2 2966
3 4872
4 5945
5 5747
6 4680
7 3213
8 1962
9 1058
10 457
11 251
12 87
13 40
14 13
15 4
16 1
X^2: 32548.1
Book Hash
1 1261
2 3086
3 4941
4 5796
5 5698
6 4443
7 3232
8 1986
9 1087
10 542
11 261
12 99
13 40
14 21
15 3
16 1
X^2: 33903.4
Cat Hash
1 1207
2 3105
3 4808
4 5858
5 5800
6 4692
7 3247
8 1885
9 1065
10 523
11 203
12 96
13 37
14 14
15 5
16 1
17 1
18 1
X^2: 32597.5
My Hash
1 1332
2 3077
3 4839
4 5838
5 5548
6 4526
7 3192
8 2024
9 1099
10 524
11 249
12 127
13 46
14 21
15 2
16 6
17 1
21 1
X^2: 34736.8
Expected Value: 19.4381
Capacity: 8192
Super Fast Hash
4 1
6 1
7 6
8 13
9 26
10 55
11 112
12 166
13 280
14 366
15 514
16 594
17 660
18 751
19 711
20 728
21 674
22 601
23 518
24 401
25 304
26 235
27 172
28 109
29 73
30 40
31 27
32 20
33 14
34 8
35 3
36 3
37 2
38 3
39 1
X^2: 8075.2
Book Hash
5 1
6 2
7 7
8 18
9 35
10 82
11 149
12 180
13 304
14 373
15 523
16 581
17 663
18 678
19 698
20 711
21 596
22 574
23 474
24 393
25 333
26 239
27 164
28 127
29 103
30 75
31 46
32 18
33 15
34 12
35 2
36 7
37 3
39 2
40 2
42 1
45 1
X^2: 9212.24
Cat Hash
6 5
7 4
8 17
9 35
10 64
11 119
12 219
13 260
14 370
15 469
16 559
17 652
18 716
19 744
20 755
21 644
22 605
23 502
24 388
25 317
26 256
27 163
28 119
29 75
30 50
31 45
32 19
33 8
34 8
35 1
36 2
38 1
39 1
X^2: 8341.58
My Hash
4 1
6 6
7 15
8 21
9 52
10 94
11 147
12 218
13 308
14 414
15 542
16 595
17 603
18 668
19 657
20 614
21 592
22 496
23 461
24 396
25 328
26 280
27 215
28 142
29 101
30 82
31 44
32 50
33 21
34 11
35 4
36 8
37 2
38 2
39 1
46 1
X^2: 10215.1
Expected Value: 0.607434
Capacity: 262147
Super Fast Hash
1 86710
2 26301
3 5375
4 816
5 95
6 9
7 1
X^2: 262361
Book Hash
1 86495
2 26571
3 5234
4 860
5 82
6 8
X^2: 262180
Cat Hash
1 86784
2 26329
3 5404
4 754
5 105
6 7
X^2: 261676
My Hash
1 86739
2 26243
3 5337
4 872
5 93
6 8
X^2: 262717
Expected Value: 4.85908
Capacity: 32771
Super Fast Hash
1 1180
2 2939
3 4889
4 5893
5 5884
6 4685
7 3206
8 1916
9 1031
10 522
11 232
12 75
13 43
14 6
15 2
16 1
X^2: 32246.7
Book Hash
1 1211
2 3069
3 4872
4 5893
5 5606
6 4699
7 3217
8 1987
9 1112
10 511
11 212
12 78
13 31
14 15
15 2
16 2
X^2: 32761.2
Cat Hash
1 1185
2 3133
3 4915
4 5774
5 5790
6 4488
7 3266
8 1981
9 1084
10 515
11 221
12 106
13 42
14 10
15 3
17 1
X^2: 33145.6
My Hash
1 1248
2 3012
3 4886
4 5853
5 5790
6 4675
7 3283
8 1918
9 1021
10 501
11 245
12 85
13 36
14 10
15 1
16 1
17 1
X^2: 32380.9
Expected Value: 19.4405
Capacity: 8191
Super Fast Hash
5 1
6 2
7 3
8 12
9 39
10 63
11 86
12 191
13 250
14 416
15 490
16 583
17 671
18 696
19 770
20 721
21 647
22 612
23 521
24 385
25 290
26 240
27 168
28 124
29 92
30 50
31 24
32 19
33 13
34 4
35 1
36 5
37 1
38 1
X^2: 8131.83
Book Hash
5 3
6 3
7 10
8 18
9 45
10 78
11 109
12 167
13 264
14 390
15 478
16 564
17 672
18 726
19 739
20 705
21 660
22 576
23 509
24 392
25 344
26 229
27 176
28 110
29 83
30 51
31 41
32 17
33 13
34 9
35 7
37 1
40 1
41 1
X^2: 8518.65
Cat Hash
6 5
7 3
8 12
9 37
10 69
11 94
12 193
13 253
14 375
15 457
16 573
17 681
18 735
19 742
20 737
21 697
22 598
23 513
24 406
25 326
26 214
27 163
28 122
29 78
30 47
31 30
32 12
33 6
34 6
35 1
36 3
37 2
38 1
X^2: 7952.82
My Hash
3 1
6 1
7 8
8 19
9 29
10 57
11 115
12 173
13 277
14 364
15 501
16 570
17 685
18 703
19 775
20 725
21 645
22 591
23 496
24 408
25 342
26 218
27 163
28 107
29 69
30 69
31 36
32 26
33 9
34 4
35 3
36 1
37 1
X^2: 8180.18
Expected Value: 0.809901
Capacity: 196613
Super Fast Hash
1 70873
2 28734
3 7686
4 1567
5 261
6 38
7 3
8 2
X^2: 196638
Book Hash
1 70986
2 28810
3 7634
4 1563
5 256
6 27
7 5
X^2: 195815
Cat Hash
1 70761
2 28658
3 7795
4 1566
5 267
6 27
7 2
X^2: 196793
My Hash
1 70984
2 28665
3 7729
4 1552
5 251
6 37
7 5
8 2
X^2: 196383
Expected Value: 6.47489
Capacity: 24593
Super Fast Hash
1 240
2 745
3 1779
4 2705
5 3662
6 3841
7 3664
8 2911
9 2032
10 1344
11 824
12 387
13 231
14 98
15 50
16 20
17 6
18 2
19 1
20 1
X^2: 24605.6
Book Hash
1 228
2 812
3 1747
4 2828
5 3587
6 3848
7 3570
8 2851
9 2083
10 1376
11 781
12 455
13 212
14 109
15 49
16 12
17 9
18 4
19 1
X^2: 24848.7
Cat Hash
1 242
2 805
3 1736
4 2723
5 3576
6 3873
7 3650
8 2937
9 2017
10 1366
11 791
12 464
13 212
14 95
15 37
16 16
17 3
18 4
19 1
X^2: 24580.3
My Hash
1 227
2 835
3 1706
4 2717
5 3571
6 3860
7 3655
8 2960
9 2082
10 1364
11 810
12 412
13 195
14 94
15 40
16 18
17 5
18 1
X^2: 24287.2
Expected Value: 25.888
Capacity: 6151
Super Fast Hash
10 1
11 4
12 5
13 12
14 25
15 47
16 69
17 87
18 149
19 209
20 267
21 323
22 390
23 401
24 481
25 486
26 462
27 473
28 401
29 386
30 380
31 303
32 217
33 178
34 124
35 88
36 57
37 42
38 39
39 10
40 12
41 7
42 7
43 3
44 2
46 2
47 1
49 1
X^2: 5985.01
Book Hash
10 1
11 2
12 6
13 13
14 23
15 44
16 62
17 95
18 165
19 235
20 269
21 300
22 381
23 394
24 485
25 504
26 502
27 450
28 394
29 382
30 306
31 280
32 253
33 173
34 135
35 90
36 59
37 54
38 26
39 27
40 13
41 14
42 8
43 3
45 2
47 1
X^2: 6152.27
Cat Hash
10 1
11 1
12 8
13 14
14 18
15 32
16 67
17 110
18 131
19 192
20 303
21 313
22 410
23 448
24 477
25 488
26 456
27 453
28 433
29 379
30 326
31 236
32 227
33 174
34 143
35 101
36 73
37 42
38 30
39 23
40 16
41 13
42 6
43 5
46 1
47 1
X^2: 6069.99
My Hash
10 4
11 1
12 7
13 12
14 26
15 47
16 65
17 94
18 150
19 199
20 273
21 333
22 378
23 478
24 452
25 476
26 468
27 448
28 423
29 378
30 322
31 259
32 233
33 167
34 151
35 85
36 67
37 54
38 39
39 21
40 17
41 10
42 4
43 4
44 3
45 2
49 1
X^2: 6216.31
