Expected Value: 0.998254
Capacity: 159237
Super Fast Hash
1 58600
2 29238
3 9676
4 2464
5 489
6 78
7 10
8 2
X^2: 159308
Book Hash
1 58616
2 29168
3 9660
4 2530
5 496
6 57
7 11
8 1
X^2: 159360
Cat Hash
1 55444
2 26950
3 10225
4 3176
5 873
6 242
7 47
8 9
9 2
X^2: 181298
My Hash
1 58581
2 29125
3 9756
4 2445
5 507
6 78
7 11
X^2: 159624
Expected Value: 0.997941
Capacity: 159287
Super Fast Hash
1 58233
2 29293
3 9706
4 2465
5 517
6 77
7 13
8 3
X^2: 160424
Book Hash
1 58544
2 29269
3 9678
4 2444
5 496
6 74
7 18
8 1
9 1
X^2: 159614
Cat Hash
1 52949
2 25882
3 10518
4 3524
5 1137
6 348
7 72
8 28
9 6
10 3
11 1
X^2: 196476
My Hash
1 58802
2 29275
3 9635
4 2437
5 470
6 86
7 9
8 2
9 1
X^2: 158800
Expected Value: 6.9869
Capacity: 22751
Super Fast Hash
1 174
2 518
3 1210
4 2026
5 2927
6 3412
7 3376
8 2981
9 2239
10 1637
11 1000
12 593
13 353
14 157
15 85
16 28
17 9
18 6
20 1
X^2: 22936.4
Book Hash
1 149
2 505
3 1236
4 2072
5 2928
6 3425
7 3400
8 2944
9 2200
10 1601
11 1024
12 592
13 360
14 148
15 73
16 42
17 19
18 9
19 2
20 1
22 1
X^2: 23160.5
Cat Hash
1 229
2 654
3 1440
4 2152
5 2833
6 3261
7 3080
8 2712
9 2143
10 1533
11 1088
12 694
13 394
14 228
15 137
16 68
17 31
18 14
19 9
20 3
21 5
22 1
X^2: 27325.7
My Hash
1 143
2 542
3 1212
4 2109
5 2885
6 3284
7 3439
8 3005
9 2218
10 1664
11 1059
12 581
13 313
14 148
15 78
16 30
17 15
18 5
19 2
21 1
X^2: 22846.5
Expected Value: 22.8817
Capacity: 6947
Super Fast Hash
7 2
8 1
9 3
10 8
11 16
12 34
13 61
14 92
15 146
16 217
17 281
18 355
19 446
20 544
21 591
22 601
23 577
24 544
25 465
26 437
27 393
28 295
29 227
30 180
31 127
32 113
33 66
34 43
35 31
36 21
37 14
38 6
39 4
40 2
41 3
42 1
X^2: 6889.04
Book Hash
9 2
10 8
11 17
12 36
13 65
14 85
15 143
16 214
17 283
18 384
19 449
20 547
21 563
22 606
23 535
24 549
25 498
26 459
27 390
28 277
29 228
30 191
31 130
32 93
33 65
34 46
35 29
36 19
37 17
38 8
39 3
40 2
41 3
43 3
X^2: 6887.03
Cat Hash
8 1
9 15
10 7
11 17
12 46
13 55
14 104
15 163
16 193
17 304
18 369
19 441
20 517
21 559
22 554
23 551
24 522
25 509
26 449
27 388
28 327
29 248
30 187
31 147
32 94
33 62
34 47
35 25
36 19
37 9
38 5
39 5
40 4
41 2
42 1
43 1
X^2: 7091.82
My Hash
8 3
9 2
10 9
11 13
12 38
13 61
14 112
15 145
16 220
17 293
18 355
19 428
20 501
21 557
22 610
23 581
24 530
25 540
26 433
27 389
28 299
29 220
30 181
31 145
32 95
33 75
34 38
35 31
36 15
37 10
38 8
39 4
40 2
41 1
42 1
43 2
X^2: 6896.56
Expected Value: 0.60638
Capacity: 262144
Super Fast Hash
1 86450
2 26534
3 5201
4 820
5 97
6 11
7 1
X^2: 262204
Book Hash
1 86845
2 26356
3 5240
4 769
5 104
6 12
7 2
X^2: 261343
Cat Hash
1 3670
2 1806
3 1114
4 862
5 590
6 475
7 409
8 322
9 244
10 222
11 153
12 176
13 127
14 112
15 116
16 116
17 88
18 78
19 90
20 78
21 90
22 88
23 59
24 50
25 65
26 47
27 40
28 44
29 40
30 38
31 41
32 47
33 30
34 28
35 26
36 31
37 30
38 30
39 43
40 43
41 30
42 39
43 26
44 48
45 27
46 33
47 31
48 36
49 24
50 19
51 17
52 18
53 17
54 25
55 15
56 18
57 15
58 16
59 12
60 16
61 10
62 9
63 9
64 11
65 11
66 14
67 10
68 8
69 6
70 10
71 8
72 8
73 8
74 7
75 6
76 5
77 7
78 10
79 3
80 2
81 4
82 8
83 3
84 3
85 1
86 7
87 10
88 2
89 9
90 8
91 6
92 7
93 5
94 6
95 5
96 4
97 4
98 9
99 3
100 3
101 6
102 5
103 7
104 4
105 7
106 5
107 7
109 5
110 6
111 3
113 1
114 4
115 2
116 2
117 3
118 1
119 1
120 1
121 2
122 1
123 5
124 4
125 2
126 2
127 1
129 1
130 3
131 3
132 2
133 1
134 5
136 1
137 1
138 3
139 1
140 1
141 2
143 3
144 5
146 1
148 2
149 1
150 7
151 2
153 3
154 2
155 2
156 2
157 1
158 3
161 3
162 1
163 2
164 3
165 1
166 1
168 1
170 1
171 3
173 1
174 1
176 1
178 1
182 2
184 1
185 1
186 2
187 1
188 1
195 1
199 1
200 1
207 1
210 1
211 1
215 1
218 2
228 1
230 1
231 2
232 1
236 1
239 2
240 2
241 1
244 1
246 1
247 1
254 1
255 1
260 3
261 1
270 1
272 1
275 1
278 1
284 1
287 1
294 1
299 1
303 1
304 1
307 1
312 2
318 1
320 1
326 1
327 1
330 1
331 1
339 1
343 2
350 2
354 1
357 1
358 1
365 1
372 1
379 1
396 1
403 1
414 1
459 1
466 1
505 1
X^2: 2.13088e+007
My Hash
1 34436
2 16940
3 9347
4 5439
5 3199
6 1757
7 966
8 461
9 244
10 86
11 42
12 12
13 14
15 1
X^2: 717014
Expected Value: 4.85104
Capacity: 32768
Super Fast Hash
1 1250
2 2969
3 4883
4 5977
5 5667
6 4614
7 3303
8 1914
9 1058
10 507
11 227
12 75
13 41
14 15
15 2
X^2: 32713.4
Book Hash
1 1288
2 2984
3 4887
4 5937
5 5745
6 4558
7 3240
8 1974
9 1018
10 530
11 230
12 94
13 32
14 13
15 1
16 1
X^2: 32807.8
Cat Hash
1 1719
2 990
3 600
4 447
5 350
6 281
7 231
8 185
9 196
10 140
11 145
12 133
13 127
14 110
15 78
16 86
17 66
18 66
19 61
20 55
21 54
22 52
23 37
24 33
25 35
26 29
27 24
28 21
29 23
30 20
31 15
32 30
33 22
34 22
35 25
36 23
37 22
38 20
39 21
40 23
41 22
42 22
43 20
44 16
45 16
46 14
47 16
48 16
49 13
50 14
51 8
52 13
53 9
54 8
55 6
56 8
57 9
58 8
59 10
60 14
61 12
62 11
63 6
64 6
65 14
66 10
67 14
68 7
69 10
70 6
71 8
72 8
73 8
74 4
75 7
76 5
77 7
78 8
79 4
80 7
81 9
82 9
83 9
84 4
85 1
86 10
87 8
88 8
89 11
90 6
91 11
92 8
93 8
94 12
95 4
96 6
97 5
98 3
99 7
100 2
101 1
102 1
103 4
104 9
105 4
106 5
107 4
108 3
109 4
110 6
111 2
112 2
113 2
114 4
115 6
116 2
117 8
118 2
119 5
120 3
121 3
122 3
123 5
124 3
125 1
126 5
127 6
128 5
129 2
130 4
131 1
132 4
133 6
134 1
135 3
136 2
137 1
138 1
139 3
141 2
143 1
144 2
145 6
147 3
149 3
150 2
152 2
154 1
155 2
156 1
157 1
158 1
159 2
160 1
161 3
162 1
163 1
164 1
165 3
166 1
168 2
169 2
170 3
171 2
172 1
173 2
174 3
176 3
178 1
179 2
180 3
181 2
183 1
184 3
185 1
186 1
187 2
188 6
189 2
191 1
192 1
193 1
194 3
195 1
196 1
197 1
198 2
199 1
200 2
201 1
204 2
205 2
206 1
209 1
211 1
215 1
219 2
220 2
221 1
222 2
224 3
226 1
227 1
228 1
229 2
231 1
232 3
233 1
234 4
235 1
238 1
241 1
246 3
250 1
257 1
262 1
264 2
265 1
267 1
275 1
278 1
279 2
281 1
284 2
287 1
288 1
290 1
292 1
295 1
296 1
298 2
299 1
300 1
304 1
307 1
309 2
310 1
312 2
315 1
316 1
321 2
324 2
325 1
335 1
336 1
337 1
340 1
342 1
345 1
354 1
359 1
360 1
361 1
362 1
369 1
376 1
377 1
378 1
382 2
385 1
386 2
387 1
390 2
391 1
392 1
397 2
401 2
403 1
404 1
406 1
408 2
413 1
418 1
424 1
425 1
430 1
437 2
456 1
461 1
469 1
470 1
474 1
477 1
490 1
494 1
500 2
503 1
513 1
558 1
587 1
649 1
X^2: 4.65744e+006
My Hash
1 3034
2 1894
3 1401
4 1141
5 973
6 796
7 701
8 612
9 595
10 490
11 452
12 408
13 399
14 363
15 313
16 297
17 259
18 263
19 203
20 181
21 172
22 152
23 146
24 118
25 121
26 116
27 136
28 108
29 100
30 89
31 91
32 85
33 81
34 76
35 62
36 78
37 67
38 58
39 43
40 59
41 45
42 35
43 48
44 27
45 24
46 19
47 17
48 9
49 6
50 6
51 6
52 5
53 2
54 2
55 1
56 1
57 3
58 2
X^2: 489781
Expected Value: 19.4042
Capacity: 8192
Super Fast Hash
5 1
6 1
7 4
8 12
9 21
10 71
11 113
12 183
13 275
14 366
15 494
16 590
17 655
18 738
19 735
20 770
21 674
22 585
23 500
24 386
25 324
26 238
27 148
28 113
29 87
30 41
31 28
32 12
33 17
34 5
35 1
36 3
38 1
X^2: 7973.58
Book Hash
5 1
6 5
7 7
8 16
9 49
10 53
11 126
12 190
13 269
14 397
15 478
16 598
17 634
18 702
19 744
20 707
21 638
22 589
23 501
24 466
25 304
26 239
27 172
28 111
29 71
30 48
31 33
32 16
33 14
34 6
35 3
36 2
37 1
42 2
X^2: 8408.33
Cat Hash
1 383
2 270
3 237
4 170
5 172
6 134
7 107
8 106
9 72
10 71
11 66
12 61
13 77
14 57
15 51
16 39
17 40
18 43
19 26
20 24
21 28
22 19
23 29
24 25
25 21
26 25
27 11
28 18
29 11
30 14
31 10
32 8
33 12
34 6
35 12
36 14
37 12
38 9
39 11
40 9
41 7
42 5
43 5
44 14
45 8
46 5
47 6
48 8
49 7
50 4
51 7
52 5
53 2
54 4
55 5
56 7
57 9
58 6
59 6
60 9
61 9
62 3
63 9
64 9
65 12
66 8
67 9
68 11
69 7
70 8
71 13
72 9
73 11
74 10
75 8
76 7
77 11
78 12
79 15
80 4
81 7
82 9
83 7
84 5
85 9
86 7
87 12
88 13
89 10
90 8
91 6
92 9
93 6
94 8
95 4
96 6
97 9
98 7
99 13
100 6
101 9
102 2
103 2
104 5
105 3
106 2
107 4
108 4
109 2
110 6
111 5
112 1
113 4
114 6
115 6
116 4
117 2
118 3
119 4
120 4
121 4
122 2
123 4
124 3
125 3
126 3
127 2
128 2
129 3
130 4
131 2
132 5
133 3
134 4
135 2
136 5
137 5
138 2
139 2
140 4
141 3
142 2
143 6
144 3
145 2
146 3
147 4
148 4
149 4
151 4
152 5
153 3
154 6
155 4
156 2
157 5
158 1
159 1
160 7
161 2
162 7
163 4
164 4
165 7
166 8
168 2
169 3
170 3
171 4
172 3
173 3
174 3
175 2
176 2
177 1
178 2
179 3
180 3
181 3
182 1
183 2
184 4
185 1
186 3
187 1
188 1
189 6
190 1
191 4
192 4
193 4
194 4
195 2
196 1
197 2
198 5
199 2
200 1
201 2
202 4
204 1
205 1
206 2
207 2
210 3
211 1
212 2
213 2
215 1
216 1
217 3
221 2
222 1
223 1
224 1
226 1
227 1
228 1
229 1
231 1
232 2
233 2
234 1
235 2
236 1
239 1
241 1
242 1
245 1
246 2
247 1
248 1
249 1
250 1
251 3
255 2
256 1
258 1
259 2
262 1
267 1
268 1
274 1
276 3
280 2
285 1
286 1
289 1
291 2
294 2
296 2
297 1
298 1
301 1
304 2
310 3
315 1
318 1
323 1
324 1
326 1
327 1
330 1
332 2
333 1
339 2
342 1
344 1
347 1
348 1
350 1
352 1
353 1
355 2
361 1
362 1
367 1
368 1
369 2
371 1
375 1
381 1
384 1
393 1
398 1
402 1
404 1
407 2
410 1
411 1
412 2
416 1
418 1
420 3
425 2
434 1
442 1
444 1
447 1
449 1
450 1
452 1
454 1
456 1
465 1
469 1
475 1
483 1
484 1
507 1
511 1
514 1
526 1
528 1
537 1
539 1
543 1
550 1
560 1
578 1
618 1
662 1
724 1
X^2: 1.38081e+006
My Hash
1 510
2 313
3 233
4 183
5 151
6 131
7 137
8 117
9 107
10 99
11 105
12 90
13 89
14 88
15 88
16 74
17 62
18 70
19 64
20 78
21 62
22 88
23 70
24 64
25 76
26 58
27 81
28 66
29 77
30 75
31 59
32 64
33 57
34 71
35 77
36 63
37 62
38 49
39 58
40 51
41 41
42 43
43 43
44 42
45 35
46 39
47 34
48 35
49 29
50 22
51 16
52 16
53 18
54 19
55 14
56 26
57 25
58 23
59 21
60 20
61 26
62 18
63 11
64 12
65 21
66 22
67 26
68 18
69 23
70 18
71 19
72 19
73 34
74 22
75 34
76 19
77 16
78 29
79 24
80 33
81 32
82 26
83 23
84 28
85 27
86 26
87 25
88 18
89 25
90 21
91 14
92 26
93 17
94 22
95 21
96 15
97 12
98 10
99 5
100 7
101 6
102 6
103 3
104 7
105 4
106 1
107 2
109 3
110 3
111 1
112 1
116 1
119 1
121 1
124 1
X^2: 290990
Expected Value: 0.606374
Capacity: 262147
Super Fast Hash
1 86476
2 26396
3 5312
4 795
5 105
6 6
7 2
X^2: 262443
Book Hash
1 87143
2 26374
3 5170
4 749
5 98
6 12
X^2: 259982
Cat Hash
1 40250
2 17110
3 8674
4 4617
5 2637
6 1518
7 837
8 536
9 322
10 155
11 99
12 62
13 39
14 23
15 12
16 8
17 4
18 3
19 1
X^2: 727199
My Hash
1 87297
2 26154
3 5282
4 752
5 85
6 9
7 3
X^2: 260055
Expected Value: 4.8506
Capacity: 32771
Super Fast Hash
1 1255
2 3002
3 4872
4 5830
5 5823
6 4692
7 3174
8 1962
9 1033
10 512
11 216
12 95
13 35
14 6
15 2
16 4
17 1
X^2: 32669.9
Book Hash
1 1260
2 3018
3 4867
4 5942
5 5673
6 4742
7 3212
8 1918
9 1050
10 504
11 217
12 95
13 31
14 13
15 2
17 1
X^2: 32521.9
Cat Hash
1 1608
2 3413
3 4832
4 5590
5 5239
6 4130
7 2985
8 2001
9 1219
10 685
11 365
12 176
13 72
14 37
15 15
16 6
17 4
X^2: 39863.2
My Hash
1 1258
2 2972
3 4861
4 5913
5 5812
6 4586
7 3198
8 1937
9 1077
10 505
11 209
12 100
13 46
14 10
15 1
16 1
17 1
18 2
X^2: 33006.3
Expected Value: 19.4065
Capacity: 8191
Super Fast Hash
7 3
8 17
9 38
10 63
11 124
12 152
13 280
14 356
15 456
16 612
17 729
18 721
19 765
20 729
21 645
22 568
23 510
24 400
25 339
26 218
27 154
28 118
29 79
30 44
31 26
32 18
33 11
34 9
35 3
37 1
38 2
44 1
X^2: 8056.78
Book Hash
5 1
6 2
7 7
8 16
9 37
10 61
11 114
12 172
13 248
14 345
15 525
16 585
17 669
18 738
19 769
20 714
21 720
22 584
23 503
24 386
25 291
26 219
27 185
28 97
29 74
30 54
31 27
32 26
33 12
34 3
35 2
36 3
37 1
38 1
X^2: 8032.35
Cat Hash
1 40
2 85
3 127
4 150
5 184
6 229
7 242
8 285
9 294
10 280
11 298
12 298
13 291
14 276
15 275
16 228
17 256
18 228
19 219
20 217
21 217
22 227
23 209
24 273
25 265
26 225
27 253
28 212
29 223
30 217
31 182
32 213
33 187
34 119
35 147
36 114
37 95
38 53
39 56
40 37
41 49
42 24
43 20
44 15
45 20
46 4
47 4
48 2
49 1
50 4
51 5
52 1
53 1
63 1
X^2: 44090.7
My Hash
7 6
8 14
9 31
10 50
11 102
12 188
13 290
14 352
15 512
16 594
17 690
18 719
19 720
20 750
21 696
22 581
23 467
24 417
25 302
26 244
27 166
28 99
29 84
30 43
31 31
32 16
33 12
34 6
35 5
36 3
37 1
X^2: 8008.96
Expected Value: 0.808487
Capacity: 196613
Super Fast Hash
1 70621
2 28696
3 7741
4 1557
5 254
6 34
7 3
X^2: 196900
Book Hash
1 71014
2 28538
3 7582
4 1630
5 273
6 35
7 4
X^2: 196971
Cat Hash
1 63043
2 26533
3 9186
4 2654
5 697
6 153
7 32
8 5
9 1
X^2: 235871
My Hash
1 70319
2 28378
3 7942
4 1626
5 258
6 38
7 4
8 1
X^2: 198997
Expected Value: 6.46359
Capacity: 24593
Super Fast Hash
1 251
2 749
3 1691
4 2778
5 3656
6 3893
7 3612
8 2961
9 2096
10 1308
11 776
12 400
13 204
14 91
15 48
16 18
17 3
18 4
19 3
21 1
X^2: 24288
Book Hash
1 257
2 806
3 1735
4 2801
5 3587
6 3779
7 3704
8 2849
9 2044
10 1373
11 830
12 429
13 197
14 102
15 40
16 18
17 2
18 1
19 1
X^2: 24637
Cat Hash
1 353
2 988
3 1880
4 2842
5 3458
6 3576
7 3403
8 2723
9 2010
10 1354
11 857
12 496
13 275
14 158
15 92
16 31
17 24
18 5
19 2
20 1
21 1
22 1
X^2: 28694.5
My Hash
1 229
2 796
3 1638
4 2844
5 3626
6 3946
7 3575
8 2879
9 2095
10 1392
11 799
12 411
13 193
14 90
15 26
16 11
17 8
18 1
X^2: 23929.1
Expected Value: 25.8428
Capacity: 6151
Super Fast Hash
9 1
10 2
11 1
12 13
13 5
14 25
15 42
16 63
17 104
18 166
19 197
20 284
21 315
22 395
23 461
24 447
25 477
26 483
27 466
28 435
29 373
30 319
31 237
32 207
33 174
34 142
35 114
36 51
37 50
38 30
39 27
40 19
41 17
42 5
43 1
45 2
53 1
X^2: 6202
Book Hash
10 2
11 4
12 8
13 22
14 30
15 36
16 63
17 107
18 146
19 208
20 292
21 324
22 343
23 444
24 456
25 500
26 486
27 450
28 417
29 369
30 358
31 263
32 210
33 168
34 137
35 100
36 75
37 51
38 32
39 22
40 11
41 4
42 7
43 3
44 2
46 1
X^2: 6164.47
Cat Hash
9 1
10 6
11 6
12 12
13 27
14 39
15 56
16 91
17 122
18 205
19 251
20 286
21 321
22 375
23 371
24 420
25 430
26 412
27 449
28 389
29 325
30 300
31 263
32 223
33 173
34 161
35 112
36 101
37 63
38 54
39 42
40 25
41 20
42 8
43 8
44 1
45 3
X^2: 7601.77
My Hash
9 1
12 6
13 9
14 35
15 42
16 69
17 83
18 166
19 195
20 283
21 330
22 401
23 447
24 501
25 464
26 475
27 440
28 397
29 358
30 349
31 272
32 210
33 178
34 131
35 89
36 73
37 49
38 44
39 17
40 10
41 15
42 3
43 2
44 3
45 2
48 1
50 1
X^2: 6171.35
