Expected Value: 1
Capacity: 12667
Super Fast Hash
1 4707
2 2377
3 748
4 185
5 34
6 5
7 2
8 1
X^2: 12432
Book Hash
1 4627
2 2349
3 784
4 181
5 40
6 11
X^2: 12704
Cat Hash
1 4603
2 2327
3 801
4 190
5 37
6 9
8 1
X^2: 12806
My Hash
1 4687
2 2320
3 773
4 190
5 42
6 5
7 3
X^2: 12674
Expected Value: 0.999684
Capacity: 12671
Super Fast Hash
1 4685
2 2298
3 795
4 197
5 40
6 1
7 1
X^2: 12610
Book Hash
1 4546
2 2356
3 792
4 205
5 34
6 6
7 1
X^2: 12834.1
Cat Hash
1 4627
2 2386
3 740
4 205
5 36
6 8
X^2: 12640
My Hash
1 4686
2 2327
3 771
4 202
5 35
6 4
7 1
X^2: 12574
Expected Value: 6.99448
Capacity: 1811
Super Fast Hash
1 7
2 43
3 93
4 154
5 224
6 290
7 287
8 219
9 181
10 148
11 88
12 31
13 23
14 11
15 6
16 2
17 2
X^2: 1723.64
Book Hash
1 10
2 50
3 95
4 185
5 242
6 236
7 252
8 244
9 164
10 128
11 94
12 56
13 30
14 13
15 4
16 6
X^2: 1931.8
Cat Hash
1 13
2 35
3 85
4 180
5 248
6 267
7 247
8 229
9 205
10 122
11 78
12 61
13 22
14 10
15 5
16 2
18 1
X^2: 1777.97
My Hash
1 16
2 38
3 103
4 169
5 215
6 283
7 255
8 215
9 195
10 144
11 78
12 44
13 31
14 6
15 12
16 4
X^2: 1876.62
Expected Value: 22.7415
Capacity: 557
Super Fast Hash
10 2
11 3
12 7
13 4
14 11
15 15
16 19
17 20
18 29
19 42
20 46
21 39
22 33
23 45
24 45
25 38
26 31
27 34
28 18
29 20
30 19
31 14
32 6
33 5
34 3
35 3
36 2
37 2
41 1
42 1
X^2: 646.166
Book Hash
10 2
12 1
13 9
14 9
15 15
16 20
17 20
18 28
19 27
20 43
21 44
22 58
23 40
24 46
25 48
26 29
27 43
28 25
29 9
30 11
31 10
32 7
33 2
34 2
35 2
36 1
37 5
41 1
X^2: 551.801
Cat Hash
7 1
9 1
10 1
11 1
12 3
13 2
14 8
15 14
16 16
17 25
18 27
19 41
20 50
21 42
22 32
23 46
24 42
25 53
26 44
27 27
28 22
29 15
30 13
31 9
32 8
33 7
34 3
35 3
36 1
X^2: 536.323
My Hash
10 2
11 3
12 3
13 2
14 11
15 11
16 21
17 26
18 24
19 40
20 49
21 40
22 46
23 47
24 43
25 32
26 27
27 28
28 25
29 26
30 21
31 11
32 8
33 2
34 4
35 3
36 2
X^2: 571.677
Expected Value: 0.773132
Capacity: 16384
Super Fast Hash
1 5896
2 2235
3 588
4 113
5 17
X^2: 16255.6
Book Hash
1 4828
2 2076
3 765
4 241
5 67
6 12
7 3
X^2: 21126.7
Cat Hash
1 2420
2 776
3 364
4 189
5 99
6 71
7 44
8 34
9 29
10 33
11 24
12 15
13 12
14 13
15 12
16 13
17 7
18 10
19 7
20 10
21 7
22 6
23 4
24 3
25 5
26 6
27 1
28 3
29 6
30 3
31 2
32 2
33 4
34 3
35 1
36 2
37 3
38 1
39 2
40 5
41 2
44 1
45 1
47 1
48 1
49 3
50 2
52 1
53 1
54 2
57 2
59 1
61 1
X^2: 198713
My Hash
1 5148
2 2199
3 686
4 198
5 41
6 11
X^2: 19290
Expected Value: 6.18506
Capacity: 2048
Super Fast Hash
1 20
2 68
3 162
4 283
5 344
6 319
7 287
8 213
9 149
10 91
11 52
12 29
13 13
14 7
15 5
16 1
17 1
X^2: 2035.04
Book Hash
1 198
2 244
3 225
4 199
5 138
6 120
7 116
8 122
9 111
10 109
11 87
12 83
13 63
14 57
15 26
16 24
17 14
18 13
19 8
20 4
21 4
22 2
23 1
24 1
X^2: 6801.05
Cat Hash
1 382
2 229
3 156
4 122
5 79
6 82
7 62
8 44
9 24
10 32
11 27
12 23
13 21
14 12
15 17
16 7
17 10
18 13
19 9
20 8
21 5
22 3
23 6
24 8
25 2
26 2
27 3
28 4
29 5
30 7
31 1
32 2
33 2
34 3
35 5
36 1
37 2
38 1
39 1
40 4
43 1
44 1
45 3
47 1
48 5
49 1
50 1
51 1
52 3
54 1
55 2
56 1
58 1
60 3
61 1
65 1
68 2
70 1
71 2
81 1
83 1
88 1
89 1
93 1
94 2
95 1
99 1
108 1
113 2
127 1
144 1
147 1
151 1
167 1
197 1
233 1
269 1
278 1
X^2: 95867.3
My Hash
1 109
2 183
3 170
4 184
5 190
6 238
7 194
8 209
9 163
10 124
11 99
12 47
13 41
14 21
15 11
16 6
17 2
18 1
19 2
X^2: 3912.47
Expected Value: 12.3701
Capacity: 1024
Super Fast Hash
1 1
4 6
5 6
6 18
7 34
8 59
9 79
10 99
11 130
12 121
13 119
14 83
15 86
16 61
17 43
18 38
19 21
20 8
21 7
22 4
27 1
X^2: 947.018
Book Hash
1 15
2 37
3 59
4 81
5 94
6 80
7 59
8 47
9 26
10 22
11 21
12 33
13 19
14 29
15 29
16 32
17 33
18 29
19 32
20 44
21 27
22 37
23 20
24 23
25 12
26 19
27 13
28 8
29 9
30 9
31 9
32 5
33 5
36 2
37 1
39 1
41 1
X^2: 5780.44
Cat Hash
1 154
2 100
3 73
4 55
5 44
6 42
7 33
8 39
9 32
10 20
11 25
12 25
13 14
14 14
15 9
16 8
17 16
18 8
19 10
20 8
21 3
22 5
23 8
24 1
25 2
26 6
27 4
28 2
29 4
30 3
31 1
32 7
33 6
34 3
35 1
37 3
38 4
39 1
40 1
41 1
42 4
43 2
44 3
45 1
46 1
47 1
48 2
50 3
51 2
53 2
56 1
57 1
59 1
60 1
62 2
63 2
66 1
67 1
68 1
71 1
72 1
74 1
79 2
84 2
86 1
90 3
93 1
103 1
109 1
110 1
111 1
116 2
123 2
135 1
139 1
152 1
153 1
183 1
186 1
192 1
214 1
218 1
265 1
328 1
358 1
372 1
X^2: 76539.5
My Hash
1 12
2 32
3 37
4 36
5 44
6 47
7 39
8 47
9 42
10 42
11 51
12 69
13 66
14 64
15 76
16 57
17 53
18 48
19 38
20 27
21 31
22 19
23 18
24 12
25 7
26 3
27 3
30 2
X^2: 2930.02
Expected Value: 0.773274
Capacity: 16381
Super Fast Hash
1 5910
2 2232
3 565
4 112
5 24
6 5
X^2: 16423.6
Book Hash
1 5796
2 2304
3 573
4 114
5 14
6 3
X^2: 16366.7
Cat Hash
1 5711
2 2265
3 605
4 118
5 23
6 4
X^2: 16847.8
My Hash
1 5591
2 2276
3 602
4 144
5 26
6 2
X^2: 17256.4
Expected Value: 6.17
Capacity: 2053
Super Fast Hash
1 30
2 81
3 168
4 272
5 323
6 313
7 296
8 215
9 140
10 91
11 57
12 34
13 16
14 10
15 3
X^2: 2146.14
Book Hash
1 23
2 92
3 158
4 233
5 331
6 346
7 291
8 237
9 147
10 96
11 53
12 21
13 10
14 8
15 2
X^2: 1976.61
Cat Hash
1 15
2 83
3 180
4 288
5 305
6 321
7 304
8 209
9 144
10 82
11 49
12 42
13 15
14 9
15 2
16 1
17 1
X^2: 2108.21
My Hash
1 20
2 86
3 168
4 267
5 315
6 330
7 283
8 222
9 174
10 87
11 54
12 32
13 8
14 4
17 1
X^2: 1974.66
Expected Value: 12.4065
Capacity: 1021
Super Fast Hash
3 1
4 5
5 10
6 17
7 34
8 56
9 86
10 101
11 114
12 115
13 104
14 103
15 87
16 65
17 50
18 30
19 19
20 12
21 7
22 4
23 1
X^2: 953.4
Book Hash
3 1
4 9
5 9
6 21
7 29
8 55
9 93
10 99
11 108
12 123
13 102
14 85
15 88
16 70
17 49
18 30
19 27
20 10
21 6
22 6
23 1
X^2: 1004.34
Cat Hash
3 3
4 2
5 11
6 30
7 41
8 58
9 87
10 92
11 119
12 91
13 111
14 86
15 76
16 70
17 56
18 34
19 21
20 18
21 5
22 7
23 1
24 2
X^2: 1098
My Hash
3 5
4 4
5 4
6 28
7 45
8 56
9 84
10 82
11 96
12 124
13 114
14 111
15 87
16 57
17 34
18 40
19 22
20 13
21 6
22 3
23 1
24 4
25 1
X^2: 1048.03
Expected Value: 1.03076
Capacity: 12289
Super Fast Hash
1 4472
2 2399
3 776
4 192
5 49
6 7
7 2
X^2: 12265.1
Book Hash
1 4501
2 2323
3 800
4 217
5 42
6 7
X^2: 12331.1
Cat Hash
1 4373
2 2305
3 794
4 254
5 50
6 6
X^2: 12818.1
My Hash
1 4518
2 2355
3 781
4 200
5 47
6 9
7 1
X^2: 12280.6
Expected Value: 8.20933
Capacity: 1543
Super Fast Hash
1 3
2 14
3 41
4 88
5 127
6 169
7 220
8 196
9 199
10 157
11 125
12 87
13 57
14 27
15 21
16 4
17 3
18 2
19 1
20 1
X^2: 1565.7
Book Hash
1 3
2 15
3 46
4 64
5 121
6 179
7 213
8 220
9 205
10 173
11 124
12 77
13 49
14 24
15 19
16 4
17 3
18 3
20 1
X^2: 1464.11
Cat Hash
1 3
2 14
3 29
4 72
5 148
6 168
7 228
8 203
9 219
10 156
11 109
12 84
13 53
14 25
15 15
16 6
17 6
18 4
21 1
X^2: 1493.35
My Hash
1 2
2 14
3 43
4 75
5 123
6 165
7 210
8 227
9 200
10 177
11 125
12 86
13 51
14 18
15 15
16 8
17 1
18 2
19 1
X^2: 1433.42
Expected Value: 16.472
Capacity: 769
Super Fast Hash
6 2
7 5
8 7
9 13
10 17
11 42
12 42
13 49
14 68
15 79
16 70
17 85
18 59
19 63
20 45
21 34
22 32
23 23
24 12
25 10
26 6
27 2
28 3
34 1
X^2: 762.361
Book Hash
5 1
6 1
7 4
8 6
9 21
10 25
11 32
12 41
13 54
14 72
15 62
16 72
17 69
18 64
19 73
20 46
21 43
22 34
23 12
24 14
25 8
26 5
27 5
28 1
29 3
30 1
X^2: 794.051
Cat Hash
5 1
6 1
7 1
8 7
9 8
10 27
11 34
12 56
13 52
14 69
15 77
16 72
17 72
18 64
19 51
20 50
21 36
22 33
23 23
24 9
25 10
26 5
27 6
28 3
29 2
X^2: 770.618
My Hash
7 4
8 4
9 10
10 22
11 36
12 42
13 57
14 67
15 84
16 78
17 73
18 60
19 72
20 52
21 38
22 22
23 14
24 10
25 7
26 9
27 3
28 1
29 3
32 1
X^2: 711.852
