Expected Value: 1
Capacity: 159237
Super Fast Hash
1 14345
2 4289
3 2044
4 1279
5 833
6 619
7 491
8 427
9 378
10 331
11 269
12 253
13 221
14 198
15 165
16 167
17 138
18 132
19 100
20 79
21 54
22 69
23 58
24 55
25 50
26 37
27 28
28 37
29 47
30 41
31 36
32 30
33 30
34 29
35 32
36 23
37 28
38 18
39 15
40 19
41 29
42 16
43 19
44 16
45 16
46 16
47 15
48 17
49 12
50 12
51 16
52 13
53 15
54 10
55 12
56 15
57 14
58 6
59 14
60 11
61 16
62 6
63 13
64 7
65 13
66 10
67 9
68 8
69 8
70 6
71 13
72 14
73 8
74 5
75 6
76 9
77 8
78 11
79 13
80 11
81 5
82 10
83 8
84 7
85 11
86 5
87 1
88 4
89 11
90 4
91 5
92 7
93 7
94 4
95 7
96 8
97 5
98 3
99 3
100 11
101 10
102 6
103 8
104 5
105 8
106 6
107 5
108 6
109 4
110 7
111 5
112 6
113 11
114 4
115 5
116 7
117 3
118 5
119 7
120 4
121 7
122 1
123 2
124 4
125 1
126 4
127 1
128 1
129 2
130 3
133 1
134 2
135 1
136 1
137 1
139 1
140 1
142 1
146 1
148 1
X^2: 5.87571e+006
Book Hash
1 14940
2 4307
3 1985
4 1276
5 821
6 610
7 489
8 419
9 379
10 321
11 275
12 262
13 231
14 205
15 167
16 161
17 139
18 131
19 97
20 68
21 54
22 67
23 54
24 53
25 52
26 42
27 26
28 41
29 44
30 38
31 38
32 25
33 34
34 21
35 35
36 29
37 24
38 15
39 20
40 20
41 25
42 16
43 19
44 18
45 15
46 16
47 19
48 17
49 15
50 12
51 19
52 12
53 14
54 10
55 15
56 10
57 14
58 9
59 9
60 16
61 10
62 8
63 12
64 8
65 17
66 10
67 9
68 6
69 15
70 8
71 9
72 13
73 10
74 4
75 9
76 7
77 6
78 9
79 15
80 10
81 8
82 9
83 5
84 4
85 8
86 8
87 1
88 2
89 9
90 8
91 4
92 4
93 8
94 7
95 7
96 6
97 7
98 1
99 10
100 10
101 6
102 7
103 2
104 5
105 10
106 9
107 1
108 8
109 6
110 5
111 6
112 5
113 10
114 5
115 4
116 8
117 3
118 8
119 4
120 6
121 3
122 1
123 6
124 3
125 1
126 3
127 1
128 3
129 1
130 2
131 1
133 1
134 1
135 1
136 1
137 1
140 1
141 1
142 1
145 1
148 1
X^2: 5.84325e+006
Cat Hash
1 14734
2 4117
3 1894
4 1222
5 856
6 622
7 485
8 424
9 369
10 316
11 277
12 240
13 247
14 193
15 161
16 156
17 155
18 116
19 102
20 74
21 50
22 66
23 48
24 57
25 45
26 45
27 29
28 43
29 41
30 34
31 30
32 24
33 31
34 30
35 27
36 19
37 24
38 21
39 12
40 19
41 19
42 11
43 21
44 14
45 17
46 12
47 15
48 21
49 19
50 13
51 18
52 22
53 17
54 12
55 13
56 14
57 10
58 13
59 9
60 16
61 14
62 9
63 8
64 11
65 15
66 10
67 12
68 8
69 11
70 12
71 11
72 9
73 5
74 4
75 9
76 8
77 9
78 7
79 17
80 8
81 5
82 7
83 6
84 3
85 11
86 5
87 6
88 6
89 5
90 2
91 9
92 7
93 7
94 6
95 8
96 4
97 6
98 4
99 8
100 10
101 6
102 6
103 8
104 6
105 7
106 11
107 5
108 7
109 5
110 8
111 8
112 6
113 7
114 8
115 5
116 6
117 3
118 6
119 4
120 10
121 5
122 3
123 2
124 4
125 1
126 1
127 2
128 3
129 2
130 3
132 1
134 1
135 1
136 1
137 2
139 1
140 1
142 1
146 1
148 1
X^2: 6.03e+006
My Hash
1 14998
2 4573
3 2219
4 1316
5 871
6 610
7 498
8 411
9 358
10 342
11 258
12 254
13 234
14 199
15 167
16 169
17 145
18 124
19 91
20 70
21 54
22 61
23 52
24 54
25 48
26 39
27 29
28 38
29 50
30 34
31 36
32 28
33 32
34 26
35 34
36 25
37 21
38 18
39 17
40 20
41 23
42 12
43 20
44 18
45 19
46 12
47 16
48 16
49 13
50 15
51 14
52 15
53 14
54 9
55 17
56 11
57 10
58 8
59 10
60 14
61 15
62 6
63 12
64 7
65 15
66 13
67 8
68 5
69 13
70 8
71 9
72 14
73 8
74 6
75 7
76 8
77 9
78 8
79 15
80 9
81 8
82 9
83 3
84 6
85 10
86 7
88 5
89 8
90 6
91 6
92 5
93 6
94 8
95 5
96 9
97 6
98 2
99 7
100 8
101 8
102 6
103 6
104 5
105 7
106 9
107 2
108 9
109 3
110 6
111 6
112 7
113 11
114 6
115 4
116 5
117 5
118 4
119 5
120 3
121 5
122 4
123 2
124 3
125 1
126 4
127 1
128 2
129 1
130 3
133 1
134 1
135 1
136 1
138 1
139 1
140 1
142 1
145 1
148 1
X^2: 5.75688e+006
Expected Value: 0.999686
Capacity: 159287
Super Fast Hash
1 14414
2 4281
3 2060
4 1263
5 857
6 589
7 485
8 410
9 373
10 327
11 272
12 251
13 240
14 192
15 172
16 166
17 144
18 129
19 101
20 78
21 50
22 64
23 54
24 49
25 49
26 41
27 31
28 36
29 54
30 42
31 33
32 30
33 27
34 29
35 37
36 25
37 25
38 19
39 18
40 22
41 25
42 11
43 17
44 15
45 22
46 14
47 12
48 19
49 15
50 11
51 14
52 16
53 15
54 10
55 17
56 9
57 8
58 9
59 7
60 13
61 16
62 9
63 12
64 10
65 15
66 9
67 8
68 4
69 11
70 7
71 9
72 13
73 9
74 8
75 8
76 7
77 8
78 12
79 11
80 12
81 9
82 7
83 4
84 5
85 12
86 5
87 1
88 5
89 6
90 6
91 10
92 4
93 7
94 5
95 5
96 9
97 8
98 3
99 8
100 10
101 7
102 7
103 3
104 6
105 8
106 7
107 4
108 7
109 6
110 4
111 6
112 7
113 9
114 7
115 3
116 5
117 5
118 6
119 5
120 4
121 5
122 2
123 3
124 4
125 1
126 2
127 3
128 2
129 2
130 3
132 1
133 1
134 1
135 1
136 1
137 1
139 1
141 1
142 2
143 1
150 1
153 1
161 1
X^2: 5.92736e+006
Book Hash
1 15023
2 4242
3 2020
4 1302
5 857
6 613
7 506
8 421
9 377
10 349
11 258
12 240
13 240
14 199
15 175
16 163
17 144
18 131
19 85
20 78
21 56
22 60
23 51
24 56
25 47
26 37
27 24
28 39
29 44
30 32
31 38
32 25
33 36
34 24
35 30
36 32
37 20
38 16
39 19
40 16
41 25
42 11
43 22
44 15
45 21
46 15
47 22
48 16
49 13
50 15
51 16
52 15
53 12
54 11
55 20
56 9
57 10
58 8
59 8
60 14
61 11
62 10
63 9
64 11
65 14
66 14
67 7
68 8
69 13
70 6
71 6
72 17
73 10
74 5
75 9
76 7
77 4
78 7
79 17
80 12
81 5
82 7
83 8
84 4
85 11
86 4
87 3
88 3
89 8
90 5
91 6
92 7
93 7
94 7
95 5
96 7
97 10
98 3
99 6
100 7
101 5
102 8
103 4
104 9
105 8
106 8
107 5
108 6
109 6
110 7
111 4
112 8
113 9
114 8
115 4
116 7
117 5
118 5
119 5
120 4
121 4
122 1
123 3
124 4
125 2
126 3
127 1
128 2
129 2
130 1
133 2
134 1
135 1
136 1
137 1
139 1
140 1
142 1
145 1
148 1
X^2: 5.85472e+006
Cat Hash
1 14753
2 4385
3 1990
4 1202
5 782
6 543
7 504
8 421
9 379
10 339
11 276
12 253
13 251
14 206
15 165
16 159
17 151
18 118
19 99
20 74
21 58
22 59
23 52
24 54
25 47
26 35
27 33
28 42
29 41
30 45
31 31
32 32
33 29
34 19
35 32
36 24
37 25
38 19
39 20
40 21
41 25
42 12
43 19
44 15
45 23
46 11
47 16
48 10
49 13
50 16
51 17
52 9
53 18
54 7
55 11
56 11
57 11
58 7
59 8
60 16
61 16
62 7
63 12
64 11
65 16
66 11
67 13
68 8
69 10
70 8
71 9
72 10
73 10
74 10
75 7
76 5
77 7
78 11
79 12
80 14
81 9
82 10
83 3
84 7
85 9
86 6
87 3
88 6
89 9
90 8
91 9
92 4
93 7
94 5
95 6
96 5
97 8
98 4
99 7
100 9
101 7
102 6
103 6
104 2
105 6
106 9
107 3
108 8
109 6
110 8
111 6
112 7
113 9
114 5
115 3
116 5
117 4
118 6
119 5
120 4
121 6
122 3
123 3
124 4
125 3
126 1
127 2
128 4
129 1
130 2
131 1
132 1
133 2
135 2
137 1
140 3
145 1
151 1
152 1
X^2: 5.95239e+006
My Hash
1 13907
2 4398
3 2080
4 1316
5 892
6 648
7 566
8 438
9 385
10 347
11 267
12 268
13 242
14 200
15 167
16 168
17 148
18 112
19 92
20 73
21 54
22 62
23 52
24 52
25 51
26 38
27 26
28 33
29 48
30 39
31 38
32 22
33 36
34 22
35 33
36 30
37 19
38 15
39 23
40 21
41 16
42 17
43 19
44 15
45 18
46 17
47 16
48 15
49 18
50 12
51 14
52 13
53 17
54 12
55 18
56 11
57 8
58 7
59 12
60 13
61 16
62 6
63 10
64 11
65 12
66 11
67 9
68 5
69 13
70 9
71 9
72 15
73 9
74 4
75 8
76 9
77 8
78 8
79 14
80 13
81 7
82 7
83 4
84 5
85 10
86 8
87 1
88 4
89 8
90 6
91 6
92 6
93 7
94 6
95 5
96 8
97 7
98 2
99 6
100 9
101 8
102 7
103 5
104 6
105 8
106 8
107 3
108 6
109 6
110 5
111 5
112 9
113 10
114 5
115 5
116 6
117 3
118 5
119 4
120 5
121 5
122 2
123 3
124 3
126 4
127 1
128 2
129 2
130 2
133 1
135 2
136 1
137 1
139 1
140 1
142 1
145 1
148 1
X^2: 5.78457e+006
Expected Value: 6.99912
Capacity: 22751
Super Fast Hash
1 4423
2 2753
3 1825
4 1174
5 862
6 627
7 544
8 393
9 378
10 305
11 278
12 273
13 210
14 220
15 183
16 168
17 151
18 141
19 154
20 110
21 79
22 84
23 63
24 63
25 52
26 46
27 50
28 61
29 45
30 55
31 39
32 43
33 42
34 33
35 27
36 33
37 30
38 22
39 30
40 28
41 30
42 15
43 14
44 21
45 20
46 19
47 16
48 14
49 12
50 14
51 13
52 16
53 17
54 10
55 12
56 13
57 9
58 17
59 11
60 10
61 16
62 8
63 10
64 11
65 10
66 9
67 10
68 11
69 7
70 7
71 9
72 20
73 5
74 6
75 8
76 12
77 5
78 15
79 9
80 12
81 9
82 6
83 5
84 10
85 11
86 5
87 8
88 5
89 6
90 5
91 5
92 15
93 6
94 5
95 5
96 8
97 10
98 5
99 4
100 8
101 3
102 7
103 4
104 6
105 8
106 6
107 4
108 6
109 5
110 7
111 7
112 4
113 10
114 9
115 6
116 2
117 6
118 1
119 5
120 2
121 5
122 6
123 5
124 5
125 6
126 3
127 1
128 2
129 1
130 8
133 1
134 1
135 1
137 1
138 1
139 3
140 2
141 4
142 1
143 3
150 1
151 2
156 1
159 1
182 1
191 1
196 1
197 1
232 1
276 1
X^2: 844420
Book Hash
1 4330
2 2634
3 1747
4 1209
5 1012
6 762
7 606
8 505
9 465
10 374
11 321
12 286
13 236
14 223
15 183
16 192
17 165
18 135
19 146
20 91
21 83
22 63
23 69
24 73
25 53
26 51
27 39
28 39
29 37
30 28
31 33
32 29
33 26
34 29
35 27
36 23
37 22
38 19
39 20
40 10
41 14
42 17
43 28
44 18
45 18
46 13
47 13
48 12
49 18
50 20
51 13
52 17
53 17
54 21
55 20
56 13
57 17
58 16
59 10
60 15
61 16
62 14
63 9
64 11
65 11
66 12
67 8
68 8
69 8
70 6
71 11
72 8
73 13
74 6
75 6
76 7
77 8
78 3
79 12
80 11
81 7
82 8
83 5
84 8
85 9
86 8
87 3
88 7
89 9
90 9
91 7
92 7
93 3
94 7
95 4
96 11
97 5
98 6
99 2
100 10
101 4
102 6
103 2
104 3
105 6
106 11
107 7
108 10
109 6
110 9
111 9
112 4
113 11
114 7
115 7
116 2
117 6
118 5
119 3
120 5
121 6
122 3
123 2
124 2
125 2
126 4
127 1
128 4
129 1
130 7
131 6
133 2
134 1
135 2
136 3
137 1
139 1
140 2
142 1
143 1
146 1
147 1
150 2
155 1
163 1
216 1
218 1
X^2: 806623
Cat Hash
1 4612
2 2624
3 1569
4 1086
5 755
6 579
7 493
8 426
9 354
10 341
11 305
12 281
13 252
14 216
15 187
16 196
17 164
18 141
19 122
20 109
21 87
22 71
23 93
24 58
25 60
26 55
27 53
28 52
29 51
30 45
31 43
32 37
33 41
34 30
35 46
36 24
37 21
38 22
39 28
40 21
41 15
42 21
43 18
44 17
45 23
46 16
47 12
48 24
49 17
50 20
51 8
52 20
53 13
54 7
55 16
56 13
57 14
58 10
59 8
60 16
61 6
62 8
63 10
64 10
65 13
66 9
67 14
68 7
69 10
70 12
71 7
72 9
73 9
74 11
75 7
76 4
77 2
78 6
79 12
80 11
81 2
82 8
83 6
84 8
85 7
86 11
87 8
88 5
89 6
90 10
91 3
92 3
93 4
94 6
95 7
96 5
97 7
98 6
99 7
100 10
101 8
102 9
103 4
104 7
105 5
106 4
107 5
108 6
109 3
110 9
111 3
112 9
113 10
114 3
115 6
116 6
117 11
118 11
119 3
120 3
122 7
123 4
124 2
125 4
126 4
127 5
128 3
129 2
130 2
132 2
133 3
135 4
137 2
138 1
142 2
144 2
146 1
149 1
150 1
152 1
155 1
159 1
163 1
164 1
168 1
176 1
178 1
181 2
182 1
185 2
186 1
187 1
189 1
192 1
193 1
194 1
199 1
201 1
204 2
223 1
X^2: 890384
My Hash
1 4431
2 2832
3 1813
4 1264
5 811
6 608
7 464
8 395
9 304
10 280
11 291
12 248
13 250
14 231
15 166
16 172
17 166
18 154
19 144
20 95
21 103
22 107
23 75
24 81
25 61
26 87
27 58
28 56
29 68
30 51
31 53
32 48
33 49
34 42
35 36
36 32
37 33
38 32
39 21
40 20
41 24
42 25
43 20
44 14
45 14
46 24
47 14
48 9
49 22
50 17
51 11
52 13
53 16
54 9
55 18
56 10
57 13
58 10
59 10
60 13
61 15
62 8
63 12
64 8
65 12
66 14
67 7
68 11
69 7
70 9
71 10
72 10
73 14
74 9
75 7
76 7
77 5
78 11
79 13
80 9
81 11
82 9
83 8
84 4
85 10
86 6
87 6
88 7
89 8
90 6
91 7
92 3
93 5
94 7
95 2
96 9
97 8
98 4
99 5
100 10
101 11
102 4
103 5
104 2
105 10
106 8
107 7
108 2
109 7
110 5
111 4
112 11
113 8
114 7
115 6
116 2
117 6
118 7
119 5
120 3
121 5
122 4
123 4
124 3
125 2
126 3
127 2
128 3
129 1
130 3
133 1
134 1
135 1
137 2
138 1
139 1
140 1
144 1
148 2
X^2: 769636
Expected Value: 22.9217
Capacity: 6947
Super Fast Hash
1 204
2 308
3 377
4 348
5 387
6 330
7 305
8 276
9 253
10 202
11 203
12 189
13 189
14 190
15 159
16 135
17 140
18 115
19 130
20 105
21 102
22 103
23 95
24 112
25 98
26 78
27 71
28 62
29 57
30 47
31 42
32 47
33 50
34 53
35 44
36 45
37 37
38 38
39 28
40 36
41 26
42 26
43 21
44 22
45 30
46 36
47 21
48 27
49 22
50 17
51 19
52 15
53 14
54 18
55 20
56 8
57 10
58 14
59 18
60 17
61 10
62 19
63 15
64 9
65 14
66 10
67 12
68 16
69 11
70 12
71 15
72 12
73 13
74 12
75 7
76 13
77 8
78 9
79 16
80 6
81 10
82 13
83 13
84 5
85 6
86 3
87 12
88 6
89 16
90 7
91 9
92 4
93 7
94 4
95 8
96 9
97 5
98 7
99 6
100 5
101 8
102 9
103 4
104 5
105 8
106 8
107 6
108 8
109 9
110 4
111 12
112 8
113 6
114 5
115 8
116 7
117 3
118 7
119 6
120 2
121 7
122 5
123 8
124 7
125 6
126 2
127 2
128 5
129 2
130 1
131 3
132 4
133 3
134 5
135 1
136 4
137 4
138 2
139 5
140 2
141 4
143 1
144 2
145 4
146 3
147 2
148 4
149 5
151 4
152 1
154 2
155 2
156 1
158 1
160 2
161 2
164 3
165 1
166 1
167 2
171 2
172 1
173 1
180 1
187 1
194 1
203 1
204 1
208 1
219 1
237 1
244 1
247 1
X^2: 254052
Book Hash
1 125
2 181
3 242
4 265
5 297
6 305
7 343
8 297
9 279
10 296
11 259
12 227
13 272
14 222
15 210
16 207
17 188
18 182
19 180
20 172
21 130
22 123
23 90
24 91
25 82
26 92
27 68
28 61
29 49
30 50
31 46
32 44
33 27
34 37
35 40
36 30
37 26
38 25
39 26
40 24
41 22
42 22
43 24
44 24
45 15
46 16
47 17
48 14
49 13
50 16
51 18
52 16
53 27
54 16
55 16
56 8
57 13
58 12
59 9
60 9
61 19
62 16
63 10
64 10
65 20
66 18
67 15
68 22
69 12
70 13
71 14
72 7
73 10
74 14
75 11
76 11
77 5
78 8
79 13
80 8
81 11
82 18
83 7
84 11
85 3
86 10
87 9
88 7
89 11
90 6
91 7
92 6
93 8
94 10
95 12
96 6
97 3
98 9
99 5
100 9
101 13
102 5
103 4
104 4
105 4
106 5
107 6
108 9
109 4
110 4
111 9
112 7
113 4
114 7
115 3
116 2
117 6
118 2
119 7
120 7
121 2
122 4
123 9
124 11
125 8
126 9
127 3
128 5
129 6
130 5
131 4
132 6
133 6
134 3
135 2
136 3
137 3
138 3
139 2
140 2
141 3
143 1
144 1
145 2
146 5
147 1
148 3
149 1
150 1
151 4
153 1
154 1
156 1
157 1
158 1
160 2
161 2
162 2
164 1
170 1
175 1
176 1
197 1
X^2: 223917
Cat Hash
1 145
2 259
3 348
4 337
5 348
6 361
7 335
8 288
9 261
10 229
11 229
12 225
13 193
14 170
15 150
16 156
17 160
18 154
19 115
20 125
21 113
22 95
23 95
24 93
25 100
26 77
27 68
28 67
29 49
30 57
31 59
32 57
33 54
34 45
35 46
36 37
37 35
38 21
39 34
40 41
41 27
42 31
43 35
44 16
45 9
46 25
47 17
48 23
49 15
50 11
51 17
52 15
53 20
54 18
55 16
56 13
57 15
58 16
59 20
60 14
61 17
62 13
63 15
64 13
65 23
66 17
67 10
68 8
69 17
70 16
71 15
72 12
73 11
74 9
75 11
76 10
77 12
78 16
79 11
80 9
81 11
82 14
83 14
84 7
85 15
86 7
87 14
88 8
89 7
90 11
91 4
92 5
93 8
94 4
95 6
96 6
97 3
98 6
99 6
100 10
101 3
102 9
103 11
104 7
105 6
106 3
107 8
108 6
109 4
110 4
111 1
112 5
113 6
114 3
115 8
116 5
117 8
118 9
119 6
120 7
121 7
122 6
123 5
124 3
125 1
126 3
127 6
128 6
129 9
130 3
131 4
132 1
133 7
134 8
135 3
136 2
137 1
138 2
139 4
140 3
141 6
142 6
143 3
144 2
146 1
147 2
148 3
150 1
151 1
152 2
153 1
154 1
155 1
157 1
158 1
164 1
166 1
168 1
169 1
170 1
171 1
173 1
177 1
180 1
190 1
200 1
203 1
223 1
X^2: 236034
My Hash
1 98
2 163
3 233
4 282
5 312
6 303
7 346
8 325
9 337
10 304
11 315
12 284
13 264
14 264
15 201
16 174
17 191
18 158
19 143
20 143
21 111
22 94
23 71
24 70
25 78
26 67
27 76
28 64
29 55
30 52
31 44
32 41
33 44
34 27
35 37
36 36
37 33
38 34
39 23
40 21
41 17
42 27
43 19
44 19
45 18
46 14
47 12
48 15
49 20
50 14
51 13
52 16
53 16
54 17
55 13
56 22
57 14
58 15
59 16
60 15
61 17
62 18
63 16
64 10
65 14
66 23
67 13
68 11
69 10
70 11
71 11
72 11
73 15
74 16
75 9
76 8
77 3
78 12
79 8
80 9
81 6
82 10
83 11
84 11
85 5
86 7
87 6
88 9
89 11
90 12
91 11
92 11
93 5
94 7
95 11
96 9
97 5
98 7
99 9
100 3
101 8
102 6
103 8
104 7
105 8
106 6
107 5
108 3
109 2
110 3
111 6
112 9
113 7
114 4
115 6
116 7
117 6
118 2
119 10
120 4
121 5
122 4
123 8
124 6
125 5
126 8
127 3
128 4
129 3
130 4
131 7
132 4
133 8
134 2
135 3
136 3
137 4
138 3
139 1
140 5
141 2
142 3
143 3
144 7
145 2
146 2
147 1
148 1
149 3
151 3
152 2
153 2
154 2
155 1
158 3
159 1
160 1
162 1
163 2
164 1
166 1
171 1
173 1
178 2
184 1
200 1
X^2: 232788
Expected Value: 0.607441
Capacity: 262144
Super Fast Hash
1 15482
2 4330
3 2017
4 1295
5 848
6 585
7 478
8 424
9 352
10 327
11 253
12 264
13 230
14 188
15 186
16 169
17 142
18 121
19 93
20 70
21 59
22 59
23 52
24 57
25 45
26 43
27 28
28 36
29 50
30 36
31 38
32 29
33 31
34 25
35 37
36 29
37 23
38 16
39 16
40 15
41 23
42 15
43 16
44 18
45 23
46 13
47 18
48 15
49 15
50 14
51 15
52 15
53 11
54 11
55 18
56 11
57 10
58 9
59 10
60 11
61 15
62 8
63 14
64 10
65 14
66 14
67 8
68 7
69 12
70 8
71 8
72 9
73 16
74 4
75 7
76 9
77 8
78 7
79 16
80 9
81 5
82 11
83 4
84 4
85 11
86 5
87 2
88 5
89 11
90 5
91 4
92 7
93 7
94 5
95 6
96 9
97 5
98 2
99 4
100 11
101 6
102 8
103 5
104 4
105 9
106 6
107 6
108 7
109 5
110 6
111 5
112 8
113 10
114 5
115 4
116 6
117 3
118 5
119 5
120 4
121 4
122 1
123 5
124 3
125 1
127 1
128 1
129 4
130 2
132 1
134 1
135 2
136 1
137 1
139 2
140 1
145 1
146 1
148 2
172 1
196 1
X^2: 9.74756e+006
Book Hash
1 16359
2 4227
3 1949
4 1243
5 841
6 601
7 501
8 422
9 351
10 338
11 251
12 256
13 248
14 211
15 160
16 162
17 153
18 123
19 95
20 76
21 56
22 61
23 51
24 50
25 52
26 39
27 30
28 39
29 46
30 30
31 35
32 29
33 34
34 28
35 29
36 26
37 24
38 14
39 20
40 21
41 21
42 16
43 17
44 19
45 18
46 14
47 15
48 15
49 10
50 17
51 16
52 12
53 16
54 6
55 20
56 11
57 10
58 8
59 10
60 15
61 14
62 7
63 10
64 10
65 14
66 14
67 7
68 7
69 12
70 7
71 9
72 14
73 8
74 6
75 5
76 12
77 7
78 8
79 16
80 9
81 9
82 7
83 5
84 5
85 10
86 7
87 2
88 5
89 9
90 6
91 4
92 4
93 8
94 3
95 8
96 10
97 5
98 2
99 7
100 9
101 10
102 6
103 5
104 6
105 8
106 6
107 5
108 7
109 5
110 4
111 5
112 8
113 9
114 6
115 4
116 6
117 3
118 8
119 5
120 4
121 5
122 1
123 4
124 3
125 1
126 3
127 1
128 2
129 2
130 2
133 1
135 1
136 1
137 2
139 1
140 1
142 1
145 1
148 1
X^2: 9.62384e+006
Cat Hash
1 404
2 214
3 212
4 198
5 172
6 118
7 93
8 85
9 49
10 38
11 37
12 35
13 22
14 23
15 22
16 10
17 18
18 14
19 12
20 11
21 13
22 14
23 9
24 8
25 7
26 9
27 9
28 7
29 6
30 8
31 5
32 3
33 3
34 4
35 5
36 3
37 5
38 4
39 3
40 6
41 3
42 5
43 4
44 5
46 2
47 3
48 6
49 5
50 2
51 2
52 4
53 5
54 3
55 2
56 3
57 2
60 2
61 3
62 4
63 5
64 1
65 1
66 2
68 2
69 5
70 1
72 1
73 1
74 5
75 3
76 1
77 4
78 3
79 3
81 3
82 1
84 1
85 2
86 1
89 1
90 1
92 2
93 1
95 1
96 2
97 1
99 5
101 2
102 3
106 1
108 1
109 2
110 1
112 2
114 1
115 1
116 1
118 1
119 1
121 1
123 1
125 3
128 1
130 1
132 3
135 2
137 1
143 1
145 2
146 1
148 1
152 1
156 1
157 1
158 1
160 1
165 2
167 2
169 1
171 1
172 1
174 1
176 1
182 1
189 1
192 1
197 1
206 2
208 3
210 1
212 1
213 1
217 1
219 1
221 1
224 1
228 1
229 1
241 1
250 1
253 1
255 1
257 1
263 1
267 1
276 2
293 1
305 1
306 2
307 1
308 1
317 1
319 1
321 1
324 1
342 1
357 1
373 1
381 1
396 1
397 1
401 1
405 1
412 1
425 1
505 1
507 1
513 2
518 1
525 1
529 1
540 1
549 1
551 1
615 1
659 1
666 1
675 1
679 1
681 1
682 1
683 1
700 1
701 1
761 1
798 1
807 1
820 1
824 1
826 1
852 1
863 1
866 1
893 1
934 1
944 1
946 1
976 1
989 1
991 1
1004 1
1015 1
1017 1
1033 1
1219 1
1248 1
1273 1
1274 1
1288 1
1292 1
1295 1
1299 1
1303 1
1312 1
1973 1
1986 1
2001 1
2028 1
2046 1
2053 1
2076 1
2080 1
2087 1
2090 1
5365 1
5465 1
5491 1
5525 1
5558 1
5587 1
5627 1
5640 1
5643 1
5680 1
X^2: 6.5272e+008
My Hash
1 6761
2 2857
3 1640
4 1255
5 917
6 647
7 475
8 380
9 300
10 243
11 201
12 199
13 188
14 148
15 131
16 119
17 141
18 117
19 96
20 90
21 61
22 78
23 63
24 67
25 56
26 63
27 66
28 44
29 76
30 61
31 49
32 52
33 55
34 47
35 48
36 47
37 41
38 35
39 34
40 37
41 31
42 24
43 30
44 27
45 35
46 27
47 27
48 21
49 20
50 20
51 23
52 22
53 16
54 15
55 21
56 12
57 13
58 14
59 14
60 18
61 14
62 12
63 14
64 8
65 15
66 12
67 9
68 7
69 13
70 7
71 9
72 14
73 9
74 5
75 7
76 8
77 9
78 9
79 15
80 10
81 7
82 8
83 4
84 5
85 11
86 6
87 1
88 5
89 9
90 5
91 6
92 5
93 7
94 6
95 6
96 8
97 6
98 2
99 7
100 9
101 8
102 6
103 5
104 6
105 8
106 8
107 3
108 7
109 4
110 7
111 6
112 7
113 10
114 5
115 5
116 6
117 3
118 5
119 5
120 4
121 6
122 1
123 3
124 3
125 1
126 3
127 1
128 2
129 2
130 2
133 1
134 1
136 2
137 1
139 1
140 1
142 1
145 1
148 1
X^2: 1.06363e+007
Expected Value: 4.85953
Capacity: 32768
Super Fast Hash
1 6817
2 3351
3 1914
4 1333
5 887
6 662
7 530
8 394
9 393
10 330
11 291
12 226
13 234
14 211
15 185
16 154
17 157
18 125
19 110
20 91
21 73
22 75
23 72
24 61
25 49
26 47
27 47
28 40
29 49
30 40
31 40
32 33
33 31
34 36
35 31
36 33
37 31
38 24
39 13
40 25
41 23
42 18
43 16
44 22
45 24
46 18
47 17
48 12
49 17
50 21
51 12
52 14
53 17
54 10
55 17
56 17
57 11
58 11
59 11
60 15
61 7
62 12
63 15
64 7
65 14
66 18
67 8
68 9
69 10
70 8
71 13
72 10
73 9
74 8
75 6
76 11
77 4
78 9
79 14
80 9
81 4
82 12
83 4
84 6
85 13
86 8
87 5
88 6
89 8
90 7
91 2
92 6
93 7
94 5
95 4
96 8
97 6
98 7
99 4
100 6
101 8
102 6
103 6
104 7
105 8
106 8
107 6
108 8
109 8
110 2
111 4
112 6
113 4
114 8
115 5
116 6
117 6
118 4
119 2
120 5
121 3
122 7
123 4
124 3
125 3
126 2
127 2
128 3
129 2
130 4
131 1
133 3
134 1
135 1
136 1
137 1
138 2
139 1
142 1
143 2
146 1
147 1
149 1
150 3
151 1
165 1
172 1
190 1
197 1
212 1
X^2: 1.2147e+006
Book Hash
1 6785
2 3664
3 2072
4 1396
5 1026
6 792
7 576
8 457
9 419
10 344
11 295
12 262
13 233
14 232
15 172
16 180
17 154
18 148
19 108
20 93
21 67
22 72
23 51
24 41
25 44
26 61
27 34
28 28
29 42
30 33
31 27
32 27
33 33
34 23
35 29
36 21
37 26
38 14
39 21
40 18
41 20
42 15
43 23
44 16
45 15
46 16
47 16
48 12
49 20
50 18
51 18
52 13
53 16
54 11
55 22
56 13
57 11
58 10
59 12
60 11
61 17
62 10
63 6
64 14
65 10
66 12
67 8
68 9
69 16
70 7
71 8
72 8
73 9
74 10
75 5
76 5
77 8
78 11
79 9
80 11
81 6
82 10
83 7
84 5
85 10
86 9
87 6
88 5
89 7
90 7
91 4
93 9
94 3
95 8
96 5
97 7
98 11
99 7
100 7
101 8
102 7
103 3
104 7
105 3
106 2
107 7
108 5
109 9
110 4
111 4
112 4
113 12
114 8
115 10
116 9
117 5
118 5
119 4
120 2
121 6
122 4
123 2
124 5
125 2
127 1
128 3
129 3
130 4
132 2
133 2
134 1
135 3
136 1
137 2
138 1
139 1
140 1
141 2
144 1
145 3
146 1
148 1
152 2
153 1
X^2: 1.17041e+006
Cat Hash
1 201
2 38
3 13
4 29
5 34
6 58
7 46
8 44
9 35
10 29
11 29
12 20
13 13
14 21
15 9
16 9
17 9
18 3
19 6
20 9
21 3
22 4
23 3
24 6
25 4
26 11
27 5
28 6
29 9
30 6
31 8
32 10
33 5
34 6
35 5
36 2
37 10
38 4
39 6
40 1
41 10
42 3
44 3
45 4
46 5
47 3
48 4
49 5
50 4
51 7
52 3
53 5
54 2
55 1
56 3
57 2
58 2
59 3
60 2
61 4
62 2
63 4
64 5
65 2
66 3
67 1
68 2
69 2
70 1
71 4
72 1
73 2
75 3
77 1
78 1
79 3
80 1
83 1
84 1
85 1
86 6
87 3
88 2
89 3
90 3
92 1
93 3
94 2
95 2
96 1
100 1
101 1
102 1
103 1
105 3
107 1
111 3
112 3
113 1
114 2
115 2
116 1
118 1
122 2
124 1
125 2
126 1
127 1
129 1
131 1
132 2
133 2
134 1
140 1
141 1
142 2
144 1
145 1
146 1
147 1
149 3
153 1
154 1
156 1
158 1
165 1
166 1
169 1
170 1
173 1
175 2
178 1
180 1
183 3
185 1
187 1
192 2
197 1
200 1
204 1
206 2
208 2
212 1
213 1
219 1
221 1
222 1
224 1
227 2
228 1
229 2
232 1
241 1
250 1
253 1
255 1
257 1
263 1
267 1
276 2
306 1
316 1
321 1
324 1
326 1
331 1
334 1
339 1
344 1
347 1
367 1
378 1
396 1
397 2
401 1
418 1
426 1
428 1
451 1
505 1
518 1
534 1
539 2
549 1
554 1
559 1
572 1
575 1
638 1
679 1
681 1
688 1
692 1
700 1
710 1
714 1
718 1
729 1
761 1
798 1
807 1
820 1
824 1
826 1
852 1
863 1
866 1
893 1
956 1
960 1
967 1
976 1
1004 1
1006 1
1013 1
1031 1
1035 1
1056 1
1237 1
1248 1
1273 1
1291 1
1307 1
1311 1
1312 1
1313 1
1317 1
1330 1
1997 1
2011 1
2019 1
2051 1
2053 1
2060 1
2076 1
2099 1
2108 1
2109 1
5365 1
5465 1
5491 1
5525 1
5558 1
5587 1
5627 1
5640 1
5643 1
5680 1
X^2: 8.19875e+007
My Hash
1 1400
2 725
3 481
4 299
5 227
6 170
7 117
8 91
9 96
10 88
11 80
12 65
13 74
14 73
15 67
16 59
17 54
18 54
19 44
20 61
21 54
22 44
23 42
24 35
25 42
26 46
27 42
28 63
29 45
30 47
31 31
32 44
33 30
34 33
35 44
36 33
37 35
38 25
39 22
40 26
41 24
42 20
43 20
44 18
45 11
46 15
47 9
48 10
49 18
50 11
51 11
52 11
53 18
54 7
55 11
56 9
57 11
58 9
59 12
60 12
61 10
62 10
63 13
64 10
65 11
66 18
67 7
68 5
69 8
70 13
71 14
72 17
73 13
74 16
75 9
76 11
77 18
78 20
79 18
80 17
81 9
82 11
83 12
84 8
85 14
86 9
87 4
88 10
89 7
90 9
91 14
92 10
93 18
94 9
95 11
96 10
97 12
98 10
99 11
100 12
101 10
102 11
103 9
104 8
105 10
106 9
107 9
108 11
109 8
110 10
111 6
112 9
113 12
114 9
115 5
116 7
117 9
118 6
119 8
120 8
121 13
122 9
123 4
124 5
125 8
126 3
127 8
128 3
129 7
130 8
131 5
132 4
133 7
134 4
135 2
136 8
137 6
138 3
139 7
140 6
141 7
142 8
143 6
144 1
145 8
146 5
147 2
148 6
149 4
150 3
151 1
152 6
153 4
155 4
156 5
157 3
158 4
159 3
160 4
161 3
162 2
163 3
164 1
165 4
166 2
167 2
168 3
170 2
171 1
172 2
173 3
174 2
175 3
176 2
179 1
180 3
181 1
182 2
183 1
184 3
185 2
186 1
188 1
189 1
190 1
191 1
192 2
193 4
194 1
195 1
198 1
199 3
200 1
202 1
205 3
206 1
209 1
210 1
211 1
216 1
217 1
218 1
222 3
225 1
234 1
239 2
242 1
245 1
251 1
258 1
260 1
262 1
275 1
293 1
X^2: 2.74962e+006
Expected Value: 19.4381
Capacity: 8192
Super Fast Hash
1 393
2 532
3 512
4 491
5 509
6 433
7 381
8 319
9 309
10 260
11 254
12 206
13 204
14 176
15 156
16 163
17 157
18 155
19 128
20 98
21 118
22 95
23 94
24 80
25 94
26 61
27 67
28 56
29 51
30 46
31 43
32 53
33 43
34 40
35 29
36 43
37 40
38 35
39 34
40 36
41 36
42 24
43 19
44 25
45 26
46 19
47 20
48 17
49 24
50 17
51 22
52 20
53 22
54 19
55 15
56 19
57 19
58 15
59 15
60 11
61 11
62 17
63 13
64 7
65 12
66 10
67 15
68 12
69 7
70 12
71 9
72 9
73 9
74 14
75 9
76 10
77 10
78 5
79 12
80 6
81 6
82 7
83 3
84 10
85 13
86 11
87 8
88 12
89 8
90 7
91 8
92 9
93 6
94 9
95 8
96 9
97 3
98 7
99 7
100 4
101 8
102 5
103 9
104 6
105 6
106 10
107 10
108 6
109 1
110 6
111 7
112 2
113 3
114 2
115 3
116 5
117 5
118 8
119 5
120 11
121 8
122 4
123 11
124 5
125 3
126 1
127 6
128 3
129 3
130 7
131 3
132 2
133 3
134 1
135 5
136 1
137 4
138 5
139 1
140 6
141 2
142 3
143 1
144 1
145 3
146 2
148 1
149 1
150 1
151 1
152 1
153 2
154 1
156 1
157 2
158 3
159 1
161 3
164 1
165 1
166 1
167 1
169 1
171 1
173 1
177 1
185 1
189 1
192 1
195 1
197 2
205 1
209 1
211 1
212 3
232 1
X^2: 305076
Book Hash
1 195
2 320
3 390
4 429
5 463
6 489
7 479
8 420
9 397
10 359
11 325
12 285
13 272
14 255
15 210
16 233
17 193
18 200
19 174
20 155
21 124
22 138
23 112
24 96
25 71
26 67
27 60
28 65
29 45
30 38
31 42
32 33
33 28
34 28
35 24
36 23
37 21
38 12
39 21
40 16
41 18
42 17
43 19
44 13
45 13
46 12
47 3
48 8
49 16
50 11
51 17
52 13
53 12
54 9
55 12
56 7
57 14
58 9
59 8
60 6
61 9
62 10
63 9
64 7
65 9
66 10
67 11
68 13
69 8
70 9
71 12
72 15
73 6
74 11
75 3
76 7
77 5
78 11
79 5
80 5
81 6
82 9
83 10
84 9
85 7
86 7
87 3
88 10
89 3
90 5
91 5
92 4
93 3
94 4
95 8
96 2
97 9
98 4
99 8
100 9
101 3
102 4
103 5
104 3
105 6
106 7
107 6
108 2
109 7
110 4
111 7
112 7
113 6
114 6
115 5
116 10
117 11
118 3
119 3
120 8
121 7
122 1
123 8
124 1
125 8
126 6
127 5
128 4
129 3
130 5
131 3
132 3
133 4
134 2
135 4
136 1
137 5
138 2
139 1
140 3
141 4
142 4
143 1
144 5
145 3
147 1
148 4
149 1
150 2
151 1
152 4
153 3
154 3
155 2
156 2
157 1
158 1
160 4
161 2
162 4
164 2
166 2
167 1
170 2
171 4
173 1
174 1
175 1
176 1
177 1
180 2
181 1
182 2
184 1
185 1
186 1
188 1
195 2
196 1
197 1
198 1
203 1
205 1
208 1
209 1
210 2
211 1
212 1
217 1
231 1
242 1
243 1
250 1
X^2: 323656
Cat Hash
1 108
2 31
3 20
4 7
6 2
21 1
23 2
24 2
25 4
26 2
27 3
28 4
29 7
30 4
31 4
32 6
33 13
34 7
35 8
36 8
37 8
38 2
39 3
41 5
42 2
43 1
44 2
45 1
47 1
48 2
53 1
55 1
56 1
61 1
63 1
64 1
65 1
93 1
165 1
166 1
167 2
168 1
169 1
172 1
173 2
175 1
176 2
178 2
180 1
181 1
184 1
185 1
190 1
196 1
197 1
206 2
208 2
209 1
210 1
212 1
213 1
215 1
217 1
218 1
219 3
220 1
221 2
224 1
225 1
228 1
229 1
231 1
233 1
237 1
241 1
245 1
247 1
250 1
253 1
255 1
257 1
263 1
267 1
272 1
273 1
274 1
276 2
282 1
296 1
306 1
320 1
324 1
339 1
382 1
396 1
397 1
505 1
518 1
563 1
581 1
588 2
589 1
603 1
611 1
612 1
620 1
627 1
629 1
630 1
643 1
659 1
679 2
681 1
690 1
761 1
798 1
807 1
820 1
824 1
826 1
844 1
852 1
856 1
861 1
863 1
866 1
868 1
893 2
901 1
909 1
924 1
933 1
965 1
969 1
975 1
976 1
997 1
1004 1
1008 1
1025 1
1033 1
1163 1
1166 1
1167 1
1174 1
1211 1
1222 1
1229 1
1233 1
1248 1
1273 1
1407 1
1475 1
1476 2
1487 1
1492 1
1503 1
1504 1
2053 1
2076 1
2193 1
2244 1
2254 1
2273 1
2287 1
2311 1
2316 1
2331 1
5365 1
5465 1
5491 1
5525 1
5558 1
5587 1
5627 1
5640 1
5643 1
5680 1
X^2: 2.17349e+007
My Hash
1 467
2 249
3 181
4 134
5 106
6 70
7 69
8 53
9 49
10 38
11 30
12 20
13 23
14 24
15 19
16 22
17 21
18 18
19 23
20 14
21 20
22 15
23 15
24 17
25 8
26 19
27 15
28 12
29 18
30 19
31 14
32 17
33 13
34 13
35 14
36 15
37 13
38 8
39 11
40 13
41 10
42 7
43 7
44 8
45 12
46 10
47 14
48 14
49 6
50 14
51 7
52 17
53 12
54 8
55 12
56 14
57 8
58 6
59 14
60 6
61 7
62 6
63 10
64 7
65 8
66 11
67 12
68 20
69 5
70 5
71 7
72 10
73 15
74 5
75 11
76 6
77 4
78 10
79 1
80 4
81 2
82 3
83 9
84 6
85 5
86 3
87 4
88 1
89 5
90 2
91 4
92 6
93 5
94 5
95 4
96 3
97 5
98 3
99 2
100 4
101 4
102 5
103 1
104 3
105 4
106 2
107 4
108 3
109 5
110 7
111 8
112 4
113 3
114 5
115 5
116 4
117 7
118 2
119 3
120 4
121 5
122 1
123 3
124 1
125 1
126 3
127 5
128 3
129 8
130 3
131 6
132 3
133 3
134 7
135 3
136 3
137 3
138 7
139 3
140 2
141 3
142 4
143 6
144 1
145 6
147 2
148 9
149 7
150 1
151 3
152 4
153 4
154 2
155 6
156 2
157 4
158 1
159 4
160 3
161 6
162 6
163 3
164 5
165 4
166 2
167 1
168 5
169 2
170 3
172 2
173 3
174 3
175 1
177 4
178 5
179 3
180 2
181 4
182 3
183 4
184 3
185 1
186 2
187 2
188 2
189 1
190 2
192 6
193 2
194 1
195 2
196 1
197 2
198 2
199 3
200 1
201 3
202 3
203 1
204 2
205 2
206 4
207 4
208 3
209 2
210 4
211 1
212 2
214 2
215 2
216 3
218 2
220 1
221 4
222 1
223 3
224 3
225 1
226 1
228 2
229 2
230 3
231 3
232 2
234 3
235 2
236 2
241 2
242 4
243 1
244 2
245 5
246 2
247 1
248 1
249 1
250 1
251 1
253 3
254 1
255 3
256 1
258 3
259 1
260 3
261 4
262 2
263 2
265 1
268 1
269 2
270 3
271 1
272 3
273 1
274 2
275 3
276 2
277 1
278 4
279 4
280 1
282 1
283 2
284 3
285 3
288 1
289 2
290 1
291 3
293 1
294 2
295 1
296 1
298 2
299 3
300 1
302 1
303 1
304 2
305 1
306 1
307 3
311 2
313 1
314 3
315 1
316 2
319 2
324 1
325 2
327 1
331 1
333 2
334 2
341 2
344 1
346 1
348 1
349 1
350 1
356 1
357 1
358 2
359 1
361 1
362 1
363 1
365 1
378 1
382 1
383 2
385 1
387 1
388 1
398 1
409 1
414 2
415 1
420 1
426 1
429 1
438 1
445 1
456 1
483 1
X^2: 1.30216e+006
Expected Value: 0.607434
Capacity: 262147
Super Fast Hash
1 15503
2 4296
3 2000
4 1228
5 849
6 596
7 512
8 419
9 364
10 337
11 256
12 258
13 218
14 205
15 165
16 169
17 150
18 122
19 95
20 67
21 52
22 66
23 60
24 55
25 46
26 44
27 35
28 39
29 49
30 34
31 33
32 27
33 31
34 29
35 31
36 28
37 26
38 17
39 18
40 19
41 24
42 14
43 19
44 18
45 20
46 13
47 14
48 17
49 16
50 13
51 13
52 14
53 16
54 9
55 18
56 9
57 11
58 8
59 9
60 13
61 15
62 7
63 11
64 8
65 15
66 12
67 7
68 9
69 11
70 7
71 8
72 11
73 8
74 10
75 6
76 9
77 9
78 9
79 17
80 8
81 5
82 12
83 5
84 6
85 11
86 6
87 1
88 4
89 9
90 5
91 6
92 4
93 8
94 3
95 8
96 9
97 5
98 2
99 6
100 11
101 8
102 6
103 5
104 5
105 8
106 6
107 6
108 7
109 5
110 7
111 5
112 7
113 10
114 5
115 4
116 7
117 4
118 6
119 5
120 3
121 5
122 1
123 4
124 3
125 1
126 3
127 1
128 2
129 2
130 1
131 1
133 1
134 1
135 1
136 1
137 1
139 1
140 1
142 1
145 1
148 1
152 1
X^2: 9.68375e+006
Book Hash
1 16037
2 4266
3 1945
4 1231
5 808
6 587
7 514
8 400
9 368
10 329
11 254
12 250
13 221
14 208
15 167
16 166
17 144
18 127
19 96
20 77
21 61
22 67
23 50
24 57
25 52
26 31
27 34
28 46
29 39
30 44
31 34
32 31
33 29
34 29
35 32
36 25
37 26
38 15
39 15
40 25
41 24
42 8
43 22
44 16
45 21
46 15
47 14
48 17
49 16
50 12
51 9
52 13
53 16
54 9
55 21
56 9
57 11
58 7
59 8
60 14
61 13
62 8
63 13
64 8
65 15
66 11
67 8
68 7
69 13
70 9
71 9
72 14
73 10
74 7
75 5
76 9
77 10
78 8
79 14
80 12
81 7
82 7
83 4
84 6
85 11
86 6
87 3
88 5
89 8
90 4
91 7
92 6
93 6
94 6
95 6
96 8
97 7
98 2
99 6
100 6
101 10
102 8
103 5
104 3
105 7
106 11
107 3
108 6
109 5
110 6
111 7
112 8
113 9
114 5
115 3
116 6
117 2
118 3
119 5
120 5
121 6
122 4
123 2
124 5
125 1
126 3
127 1
128 2
129 3
130 2
133 1
134 1
136 1
137 1
138 1
139 1
140 1
142 1
145 1
149 1
X^2: 9.67603e+006
Cat Hash
1 8057
2 2629
3 1391
4 994
5 725
6 502
7 403
8 299
9 302
10 243
11 160
12 142
13 129
14 121
15 106
16 92
17 88
18 81
19 66
20 67
21 52
22 63
23 44
24 44
25 40
26 50
27 35
28 50
29 44
30 54
31 37
32 29
33 34
34 27
35 41
36 26
37 24
38 33
39 22
40 27
41 32
42 18
43 23
44 21
45 24
46 21
47 20
48 13
49 21
50 12
51 15
52 11
53 16
54 14
55 10
56 11
57 8
58 15
59 6
60 6
61 6
62 8
63 13
64 9
65 10
66 11
67 9
68 12
69 8
70 8
71 8
72 10
73 8
74 8
75 7
76 4
77 8
78 5
79 9
80 7
81 5
82 8
83 11
84 3
85 7
86 4
87 4
88 3
89 3
91 4
92 4
93 4
94 2
95 5
96 3
97 2
98 6
99 5
100 6
101 2
102 3
103 4
104 2
105 3
106 2
107 1
108 5
109 2
110 6
111 5
112 7
113 4
114 4
115 2
116 3
117 1
118 4
119 1
120 3
121 2
123 1
124 2
125 2
127 2
128 1
130 1
131 1
132 3
133 1
134 1
137 1
139 1
140 1
141 3
143 3
144 1
145 1
146 2
147 2
148 1
149 2
151 2
155 2
156 1
157 2
159 3
160 1
161 2
163 3
164 2
165 2
166 1
167 2
168 5
169 1
171 1
172 1
173 3
174 1
175 1
178 3
179 1
180 2
182 2
183 2
186 1
187 5
188 1
190 1
194 4
195 1
196 2
197 2
198 3
199 1
200 3
201 2
202 1
203 1
204 3
205 3
207 1
208 2
209 4
210 1
211 2
213 1
214 1
215 1
216 1
217 1
218 1
219 2
220 1
221 1
222 2
223 1
225 1
226 1
227 1
228 2
229 2
230 3
234 1
235 2
237 1
242 2
244 1
245 2
249 2
250 1
251 1
253 1
254 1
256 1
257 1
258 2
259 2
260 2
261 1
262 1
266 1
269 3
270 1
273 1
278 2
280 1
286 2
287 1
288 1
291 1
295 1
297 1
302 2
303 1
308 1
310 1
313 1
314 2
319 2
322 1
X^2: 2.10828e+007
My Hash
1 15788
2 4316
3 1998
4 1284
5 835
6 605
7 503
8 425
9 374
10 349
11 265
12 268
13 230
14 197
15 170
16 164
17 157
18 122
19 91
20 68
21 55
22 59
23 54
24 56
25 44
26 37
27 32
28 42
29 47
30 35
31 38
32 28
33 28
34 27
35 34
36 25
37 22
38 18
39 17
40 20
41 22
42 14
43 18
44 18
45 21
46 11
47 16
48 16
49 14
50 10
51 17
52 13
53 17
54 9
55 16
56 13
57 9
58 9
59 9
60 14
61 14
62 8
63 10
64 8
65 15
66 12
67 10
68 4
69 15
70 6
71 10
72 13
73 10
74 4
75 8
76 8
77 8
78 10
79 14
80 11
81 7
82 8
83 4
84 5
85 11
86 6
87 1
88 5
89 7
90 7
91 5
92 4
93 7
94 8
95 6
96 8
97 6
98 2
99 7
100 9
101 8
102 5
103 5
104 6
105 9
106 8
107 2
108 6
109 6
110 7
111 6
112 6
113 11
114 5
115 5
116 5
117 4
118 5
119 4
120 4
121 6
122 2
123 3
124 3
125 1
126 3
127 1
128 2
129 2
130 2
133 1
135 2
136 1
137 1
139 1
140 1
142 1
145 1
148 1
X^2: 9.5867e+006
Expected Value: 4.85908
Capacity: 32771
Super Fast Hash
1 6752
2 3389
3 1967
4 1270
5 913
6 638
7 515
8 394
9 356
10 353
11 272
12 262
13 209
14 216
15 189
16 190
17 157
18 131
19 113
20 98
21 86
22 64
23 61
24 54
25 50
26 61
27 48
28 48
29 35
30 43
31 43
32 31
33 38
34 38
35 33
36 30
37 28
38 21
39 16
40 22
41 20
42 22
43 21
44 19
45 24
46 17
47 15
48 21
49 17
50 16
51 16
52 13
53 16
54 14
55 11
56 16
57 14
58 8
59 8
60 17
61 11
62 5
63 8
64 10
65 10
66 12
67 7
68 10
69 11
70 12
71 9
72 8
73 16
74 7
75 8
76 7
77 8
78 7
79 13
80 11
81 9
82 5
83 6
84 8
85 11
86 9
87 3
88 3
89 6
90 8
91 5
92 5
93 7
94 8
95 8
96 4
97 7
98 8
99 3
100 5
101 8
102 6
103 3
104 4
105 6
106 10
107 5
108 4
109 7
110 10
111 5
112 11
113 8
114 9
115 6
116 4
117 2
118 7
119 2
120 6
121 4
122 5
123 6
124 5
125 4
126 1
127 3
128 2
129 1
130 1
133 2
134 1
135 3
136 1
137 2
139 1
140 2
142 1
146 1
148 1
149 2
150 1
151 1
156 1
178 1
309 1
X^2: 1.2098e+006
Book Hash
1 7199
2 3639
3 1962
4 1197
5 851
6 614
7 452
8 413
9 366
10 315
11 299
12 245
13 238
14 187
15 200
16 170
17 151
18 170
19 116
20 106
21 92
22 87
23 56
24 56
25 45
26 52
27 50
28 47
29 39
30 28
31 33
32 34
33 31
34 33
35 35
36 29
37 28
38 31
39 29
40 28
41 22
42 27
43 19
44 25
45 19
46 14
47 17
48 14
49 14
50 15
51 13
52 16
53 19
54 10
55 17
56 12
57 12
58 7
59 9
60 8
61 15
62 11
63 9
64 6
65 13
66 15
67 10
68 6
69 6
70 9
71 12
72 10
73 8
74 6
75 8
76 9
77 11
78 14
79 13
80 8
81 9
82 8
83 7
84 9
85 10
86 8
87 3
88 3
89 8
90 4
91 6
92 9
93 8
94 5
95 5
96 6
97 7
98 6
99 5
100 8
101 8
102 3
103 7
104 7
105 9
106 7
107 6
108 6
109 8
110 7
111 7
112 4
113 9
114 8
115 5
116 6
117 4
118 4
119 6
120 5
121 4
122 2
123 4
124 5
125 1
126 1
127 3
129 4
130 1
132 4
133 1
134 1
135 2
136 1
137 3
139 2
140 1
142 1
144 2
146 2
148 1
X^2: 1.18055e+006
Cat Hash
1 6354
2 2933
3 1548
4 994
5 620
6 439
7 308
8 250
9 225
10 166
11 175
12 198
13 190
14 222
15 182
16 191
17 152
18 172
19 144
20 137
21 111
22 97
23 93
24 101
25 78
26 62
27 67
28 54
29 76
30 59
31 56
32 46
33 46
34 41
35 56
36 44
37 21
38 41
39 30
40 26
41 23
42 21
43 20
44 27
45 17
46 28
47 21
48 16
49 12
50 17
51 13
52 14
53 15
54 8
55 22
56 12
57 16
58 11
59 6
60 8
61 12
62 3
63 6
64 12
65 10
66 16
67 8
68 12
69 6
70 6
71 11
72 17
73 7
74 6
75 6
76 8
77 11
78 11
79 10
80 11
81 7
82 13
83 10
84 11
85 4
86 9
87 4
88 5
89 6
90 6
91 7
92 5
93 5
94 5
95 7
96 8
97 7
98 6
99 8
100 11
101 5
102 9
103 7
105 9
106 7
107 8
108 9
109 10
110 6
111 6
112 8
113 10
114 3
115 2
116 6
117 11
118 5
119 4
120 8
121 4
122 3
123 1
124 6
125 2
126 4
127 6
128 4
129 3
130 2
132 1
133 3
134 1
135 2
136 1
137 2
140 2
142 1
143 1
144 1
145 1
146 1
149 1
X^2: 1.28336e+006
My Hash
1 5813
2 2633
3 1560
4 1091
5 709
6 526
7 422
8 273
9 205
10 219
11 174
12 148
13 129
14 146
15 129
16 131
17 102
18 82
19 93
20 70
21 85
22 65
23 59
24 59
25 46
26 60
27 48
28 49
29 60
30 54
31 49
32 43
33 54
34 38
35 52
36 42
37 44
38 33
39 34
40 34
41 36
42 27
43 21
44 30
45 24
46 19
47 23
48 16
49 21
50 14
51 21
52 23
53 19
54 12
55 13
56 16
57 11
58 10
59 18
60 12
61 12
62 14
63 13
64 7
65 8
66 10
67 11
68 5
69 8
70 11
71 7
72 11
73 10
74 8
75 4
76 8
77 8
78 10
79 10
80 9
81 11
82 7
83 6
84 5
85 10
86 9
87 3
88 5
89 7
90 6
91 4
92 5
93 7
94 9
95 6
96 9
97 6
98 4
99 9
100 10
101 9
102 6
103 4
104 5
105 4
106 6
107 8
108 6
109 7
110 8
111 7
112 7
113 5
114 7
115 7
116 4
117 5
118 1
119 3
120 3
121 2
122 9
123 3
124 4
125 5
126 1
127 4
128 4
129 5
130 3
131 4
133 4
134 1
135 3
136 4
138 1
139 2
140 1
141 2
143 1
145 3
146 1
149 1
150 1
151 2
152 2
153 2
155 1
156 1
157 1
159 1
160 1
161 3
162 1
163 1
166 2
167 2
169 1
170 1
171 1
172 1
173 2
175 2
176 1
179 2
180 1
182 7
183 3
186 1
187 1
188 1
193 4
194 1
199 1
202 2
208 1
210 1
219 1
220 1
222 1
X^2: 1.62926e+006
Expected Value: 19.4405
Capacity: 8191
Super Fast Hash
1 402
2 484
3 539
4 498
5 507
6 444
7 365
8 323
9 314
10 269
11 233
12 204
13 197
14 181
15 169
16 145
17 151
18 135
19 132
20 116
21 123
22 90
23 90
24 86
25 70
26 77
27 77
28 66
29 45
30 65
31 43
32 47
33 39
34 36
35 39
36 41
37 43
38 39
39 35
40 26
41 35
42 32
43 21
44 21
45 17
46 26
47 17
48 31
49 22
50 12
51 22
52 13
53 19
54 18
55 17
56 20
57 20
58 18
59 19
60 16
61 8
62 9
63 12
64 13
65 14
66 14
67 10
68 7
69 9
70 6
71 13
72 15
73 12
74 10
75 5
76 8
77 14
78 6
79 11
80 7
81 6
82 8
83 5
84 11
85 10
86 9
87 12
88 7
89 9
90 5
91 4
92 11
93 4
94 9
95 6
96 7
97 8
98 7
99 5
100 11
101 5
102 4
103 8
104 4
105 7
106 11
107 6
108 5
109 3
110 7
111 7
112 7
113 5
114 4
115 2
116 7
117 8
118 4
119 6
120 4
121 5
122 4
123 7
124 10
125 6
126 2
127 6
128 4
129 2
130 6
131 5
132 5
133 3
134 1
135 4
136 4
137 3
138 1
139 1
140 3
141 2
142 1
143 2
145 1
146 3
147 3
149 2
150 1
151 1
153 1
155 2
156 2
157 1
159 1
160 3
162 1
164 1
165 1
166 1
167 2
168 1
169 1
171 1
175 1
176 1
177 1
178 1
183 1
184 1
190 1
197 1
200 1
201 1
205 1
210 1
228 1
253 1
283 1
X^2: 304385
Book Hash
1 255
2 432
3 455
4 505
5 470
6 464
7 435
8 397
9 320
10 322
11 280
12 259
13 223
14 202
15 192
16 177
17 171
18 145
19 117
20 140
21 137
22 104
23 87
24 91
25 80
26 60
27 57
28 49
29 65
30 43
31 54
32 34
33 38
34 37
35 28
36 31
37 28
38 22
39 25
40 23
41 17
42 28
43 20
44 29
45 21
46 24
47 19
48 16
49 18
50 23
51 13
52 15
53 20
54 22
55 21
56 21
57 19
58 17
59 11
60 17
61 13
62 14
63 15
64 9
65 8
66 10
67 7
68 11
69 13
70 15
71 7
72 16
73 13
74 10
75 14
76 12
77 7
78 15
79 10
80 8
81 10
82 14
83 15
84 7
85 8
86 8
87 8
88 13
89 5
90 7
91 7
92 10
93 7
94 11
95 6
96 5
97 9
98 6
99 6
100 7
101 6
102 6
103 5
104 3
105 10
106 4
107 2
108 4
109 7
110 4
111 9
112 4
113 6
114 7
115 9
116 5
117 8
118 7
119 6
120 5
121 3
122 6
123 11
124 7
125 6
126 7
127 5
128 5
129 5
130 3
131 6
132 3
133 1
134 3
135 3
136 4
137 1
138 1
139 2
140 3
141 2
142 3
143 2
144 2
145 2
146 2
147 2
148 3
149 3
150 1
151 1
153 1
154 1
158 1
162 1
168 1
177 1
180 1
X^2: 274906
Cat Hash
1 738
2 543
3 521
4 425
5 369
6 319
7 279
8 218
9 166
10 153
11 117
12 92
13 88
14 78
15 57
16 70
17 53
18 51
19 47
20 59
21 59
22 53
23 50
24 59
25 65
26 56
27 47
28 57
29 50
30 53
31 56
32 57
33 42
34 48
35 50
36 52
37 44
38 41
39 41
40 44
41 52
42 44
43 45
44 40
45 38
46 40
47 40
48 35
49 28
50 37
51 37
52 34
53 38
54 23
55 36
56 31
57 22
58 27
59 24
60 21
61 19
62 30
63 24
64 33
65 19
66 29
67 28
68 19
69 21
70 22
71 28
72 14
73 17
74 17
75 15
76 9
77 14
78 16
79 13
80 15
81 12
82 13
83 15
84 5
85 15
86 10
87 4
88 6
89 7
90 9
91 12
92 7
93 7
94 12
95 5
96 9
97 5
98 7
99 5
100 7
101 7
102 4
103 5
104 7
105 9
106 3
107 6
108 2
109 4
110 8
111 4
112 11
113 7
114 6
115 3
116 4
117 7
118 8
119 7
120 5
121 4
122 4
123 1
124 7
125 6
126 3
127 6
128 1
129 1
130 3
131 2
132 4
133 1
134 2
135 1
136 2
138 2
139 2
140 1
141 2
143 2
144 1
146 1
147 1
148 1
150 1
151 1
160 1
161 1
170 1
181 1
184 1
187 1
190 1
201 2
209 1
212 1
217 1
223 1
234 1
244 1
246 1
248 2
258 1
X^2: 334337
My Hash
1 889
2 439
3 296
4 218
5 186
6 148
7 136
8 127
9 125
10 105
11 89
12 77
13 87
14 81
15 71
16 79
17 78
18 58
19 76
20 55
21 53
22 44
23 41
24 45
25 37
26 27
27 21
28 16
29 30
30 15
31 24
32 16
33 22
34 17
35 12
36 8
37 9
38 8
39 7
40 7
41 4
42 5
43 8
44 6
45 9
46 5
47 4
48 7
49 9
50 12
51 2
52 11
53 4
54 4
55 8
56 6
57 5
58 6
59 4
60 6
61 5
62 3
63 6
64 9
65 12
66 9
67 8
68 5
69 8
70 2
71 4
72 6
73 8
74 8
75 5
76 8
77 3
78 9
79 6
80 10
81 6
82 6
83 8
84 8
85 5
86 8
87 3
88 5
89 6
90 9
91 6
92 7
93 5
94 5
95 3
96 9
97 4
98 3
99 2
100 6
101 6
102 6
103 4
104 7
105 14
106 9
107 5
108 6
109 6
110 1
111 2
112 4
113 8
114 6
115 6
116 6
117 5
118 2
119 4
120 5
121 8
122 7
123 7
124 7
125 4
126 2
127 5
128 5
129 6
130 2
131 1
132 3
133 6
134 4
135 5
136 3
137 4
138 3
139 3
141 6
142 3
143 1
144 5
145 4
146 5
147 4
148 2
149 3
150 6
151 3
152 3
153 3
154 2
155 1
156 1
157 4
158 2
159 1
160 3
161 6
162 5
163 1
165 1
166 5
167 2
168 1
169 3
170 3
171 4
173 1
174 1
175 5
176 3
177 1
178 2
180 5
182 1
183 3
184 2
185 1
186 1
187 2
188 4
189 2
190 2
191 2
192 2
193 1
194 2
195 5
197 4
198 2
199 2
200 2
201 3
202 3
203 2
204 3
205 1
206 2
207 3
208 4
209 1
210 2
211 5
212 5
213 2
214 3
215 3
216 1
217 3
218 4
219 2
220 2
221 2
222 3
224 5
225 1
226 4
228 3
229 1
230 3
231 5
232 2
233 3
235 2
237 1
238 1
243 5
244 1
245 1
246 1
248 2
249 1
252 6
253 1
254 2
255 2
258 1
260 2
261 1
264 1
265 1
266 1
267 3
269 4
272 1
274 2
275 2
281 2
282 2
289 4
292 1
294 1
295 2
296 1
298 1
303 2
307 1
310 1
313 1
316 1
318 1
319 1
320 1
321 1
323 2
325 1
326 1
330 1
331 2
336 1
337 2
346 1
347 2
351 1
352 1
353 1
358 2
360 1
362 1
365 2
366 2
368 1
382 1
383 1
388 2
406 1
407 1
409 1
425 1
436 1
438 1
442 2
457 1
X^2: 1.072e+006
Expected Value: 0.809901
Capacity: 196613
Super Fast Hash
1 14885
2 4352
3 2021
4 1246
5 863
6 578
7 483
8 412
9 365
10 330
11 265
12 254
13 234
14 200
15 161
16 167
17 146
18 123
19 102
20 72
21 67
22 60
23 49
24 61
25 47
26 48
27 34
28 41
29 38
30 39
31 33
32 29
33 32
34 23
35 32
36 35
37 15
38 17
39 19
40 18
41 25
42 12
43 19
44 23
45 18
46 18
47 15
48 14
49 15
50 11
51 17
52 14
53 13
54 9
55 14
56 16
57 8
58 11
59 10
60 12
61 11
62 11
63 12
64 6
65 14
66 12
67 8
68 5
69 14
70 6
71 12
72 16
73 8
74 6
75 8
76 7
77 7
78 8
79 13
80 11
81 5
82 8
83 5
84 6
85 9
86 5
87 5
88 4
89 10
90 8
91 6
92 5
93 7
94 4
95 5
96 8
97 5
98 3
99 6
100 10
101 5
102 6
103 7
104 6
105 7
106 10
107 1
108 8
109 5
110 7
111 8
112 7
113 10
114 4
115 5
116 5
117 3
118 7
119 5
120 5
121 7
122 2
123 3
124 3
125 1
126 3
127 1
128 1
129 1
130 3
131 1
133 1
134 1
136 2
140 2
142 2
145 1
148 1
149 1
157 1
X^2: 7.30479e+006
Book Hash
1 15026
2 4491
3 2017
4 1288
5 830
6 611
7 509
8 431
9 370
10 339
11 260
12 264
13 233
14 196
15 169
16 172
17 151
18 123
19 93
20 75
21 56
22 56
23 55
24 52
25 55
26 36
27 31
28 38
29 43
30 35
31 38
32 27
33 27
34 29
35 31
36 27
37 26
38 19
39 15
40 19
41 20
42 16
43 18
44 15
45 25
46 13
47 11
48 14
49 17
50 16
51 14
52 17
53 14
54 9
55 18
56 10
57 9
58 9
59 9
60 16
61 14
62 8
63 10
64 8
65 16
66 12
67 8
68 7
69 10
70 10
71 9
72 14
73 7
74 6
75 7
76 7
77 7
78 10
79 15
80 8
81 9
82 8
83 4
84 4
85 10
86 6
87 3
88 3
89 10
90 6
91 5
92 6
93 8
94 6
95 4
96 9
97 6
98 2
99 7
100 9
101 8
102 7
103 5
104 7
105 8
106 7
107 4
108 7
109 5
110 6
111 6
112 7
113 9
114 6
115 5
116 4
117 6
118 5
119 3
120 5
121 4
122 1
123 5
124 3
125 1
126 2
127 1
128 4
129 2
130 1
131 1
133 1
135 1
136 1
137 1
139 1
140 2
143 1
147 1
149 1
X^2: 7.19326e+006
Cat Hash
1 12654
2 4250
3 2310
4 1372
5 902
6 621
7 498
8 400
9 347
10 316
11 250
12 248
13 218
14 186
15 147
16 175
17 148
18 128
19 103
20 84
21 71
22 70
23 51
24 50
25 57
26 44
27 36
28 46
29 47
30 34
31 40
32 29
33 32
34 30
35 41
36 21
37 26
38 21
39 17
40 20
41 21
42 9
43 21
44 20
45 19
46 12
47 20
48 18
49 13
50 14
51 11
52 15
53 12
54 9
55 21
56 13
57 9
58 9
59 10
60 17
61 10
62 7
63 13
64 8
65 14
66 13
67 11
68 10
69 12
70 9
71 9
72 13
73 10
74 4
75 7
76 9
77 9
78 5
79 16
80 10
81 6
82 9
83 5
84 6
85 7
86 7
87 2
88 5
89 8
90 6
91 6
92 4
93 7
94 6
95 6
96 7
97 8
98 4
99 6
100 9
101 8
102 6
103 7
104 5
105 4
106 7
107 3
108 7
109 4
110 8
111 6
112 9
113 9
114 6
115 5
116 6
117 3
118 5
119 6
120 3
121 5
122 2
123 3
124 2
125 4
126 3
127 1
128 2
129 2
130 3
132 1
134 1
135 1
136 1
137 2
141 1
142 2
148 1
149 1
X^2: 7.32111e+006
My Hash
1 15663
2 4238
3 2031
4 1279
5 855
6 610
7 485
8 440
9 367
10 327
11 256
12 262
13 239
14 197
15 171
16 168
17 148
18 116
19 103
20 72
21 59
22 57
23 50
24 56
25 48
26 42
27 29
28 41
29 47
30 34
31 30
32 36
33 28
34 28
35 36
36 27
37 22
38 19
39 17
40 21
41 20
42 14
43 21
44 19
45 16
46 17
47 15
48 12
49 16
50 14
51 12
52 15
53 16
54 8
55 18
56 13
57 9
58 8
59 10
60 13
61 15
62 7
63 12
64 7
65 12
66 15
67 9
68 5
69 12
70 8
71 7
72 15
73 11
74 5
75 7
76 8
77 9
78 8
79 14
80 12
81 7
82 8
83 4
84 5
85 11
86 6
87 1
88 5
89 9
90 4
91 7
92 5
93 6
94 7
95 6
96 8
97 6
98 2
99 7
100 10
101 7
102 5
103 6
104 4
105 9
106 8
107 4
108 7
109 5
110 5
111 7
112 7
113 7
114 6
115 7
116 6
117 3
118 5
119 5
120 4
121 6
122 1
123 3
124 3
125 1
126 3
127 1
128 2
129 2
130 2
133 1
134 1
135 1
136 1
137 1
139 1
140 1
142 1
145 1
148 1
X^2: 7.16072e+006
Expected Value: 6.47489
Capacity: 24593
Super Fast Hash
1 4917
2 2892
3 1926
4 1201
5 929
6 641
7 503
8 412
9 350
10 300
11 283
12 261
13 257
14 211
15 174
16 163
17 171
18 139
19 135
20 111
21 89
22 62
23 65
24 61
25 60
26 48
27 41
28 47
29 52
30 45
31 34
32 39
33 37
34 38
35 25
36 35
37 26
38 23
39 28
40 16
41 15
42 23
43 24
44 15
45 24
46 17
47 10
48 16
49 17
50 26
51 14
52 13
53 13
54 14
55 13
56 7
57 20
58 9
59 9
60 13
61 17
62 12
63 13
64 15
65 10
66 11
67 7
68 13
69 10
70 12
71 4
72 17
73 11
74 8
75 10
76 4
77 4
78 8
79 8
80 8
81 11
82 13
83 6
84 7
85 6
86 9
87 6
89 9
90 7
91 13
92 5
93 7
94 6
95 6
96 3
97 2
98 3
99 8
100 5
101 15
102 10
103 5
104 7
105 9
106 6
107 2
108 8
109 4
110 4
111 4
112 6
113 12
114 2
115 5
116 6
117 4
118 5
119 8
120 4
121 4
122 3
123 3
124 5
125 5
126 3
127 2
128 1
129 2
130 2
131 4
132 1
133 1
134 1
135 1
136 3
137 1
138 2
139 1
140 1
141 1
142 1
145 1
147 2
148 1
150 2
152 1
155 1
159 1
168 1
173 1
178 1
185 1
191 1
198 1
225 1
X^2: 910609
Book Hash
1 4943
2 3192
3 1880
4 1244
5 929
6 585
7 514
8 459
9 346
10 381
11 296
12 275
13 210
14 206
15 196
16 174
17 167
18 146
19 116
20 117
21 110
22 63
23 60
24 68
25 67
26 50
27 46
28 39
29 48
30 38
31 40
32 28
33 36
34 28
35 23
36 30
37 28
38 27
39 18
40 15
41 16
42 18
43 17
44 19
45 16
46 20
47 17
48 11
49 25
50 15
51 12
52 17
53 13
54 16
55 11
56 12
57 16
58 14
59 12
60 11
61 17
62 7
63 17
64 15
65 6
66 13
67 11
68 6
69 13
70 17
71 9
72 6
73 11
74 7
75 6
76 7
77 11
78 4
79 16
80 10
81 8
82 8
83 4
84 12
85 7
86 7
87 6
88 4
89 8
90 4
91 4
92 7
93 8
94 8
95 7
96 5
97 5
98 4
99 3
100 7
101 9
102 5
103 4
104 9
105 6
106 7
107 7
108 6
109 5
110 5
111 2
112 7
113 6
114 7
115 6
116 5
117 3
118 9
119 6
120 2
121 6
122 4
123 4
124 6
125 6
126 2
127 1
128 2
129 3
130 3
131 3
132 1
133 2
134 1
135 1
136 2
137 3
138 1
139 1
140 2
141 2
142 2
143 2
144 1
145 1
149 1
152 2
156 1
160 1
166 1
X^2: 884840
Cat Hash
1 4543
2 2824
3 1808
4 1236
5 893
6 642
7 469
8 348
9 288
10 242
11 210
12 203
13 158
14 146
15 145
16 175
17 142
18 126
19 110
20 98
21 93
22 98
23 74
24 74
25 75
26 66
27 68
28 59
29 52
30 64
31 42
32 49
33 56
34 39
35 41
36 32
37 39
38 37
39 26
40 31
41 34
42 23
43 23
44 27
45 32
46 22
47 24
48 23
49 24
50 20
51 17
52 15
53 19
54 20
55 18
56 14
57 20
58 11
59 10
60 18
61 4
62 17
63 12
64 7
65 17
66 7
67 10
68 10
69 8
70 5
71 5
72 14
73 6
74 7
75 9
76 13
77 8
78 10
79 14
80 13
81 12
82 2
83 6
84 4
85 8
86 8
87 8
88 7
89 10
90 5
91 5
92 3
93 9
94 8
95 7
96 3
97 5
98 6
99 7
100 8
101 8
102 6
103 5
104 3
105 4
106 7
107 2
108 6
109 11
110 4
111 7
112 5
113 11
114 8
115 6
116 7
117 3
118 3
119 6
120 3
121 6
122 6
123 4
124 1
125 4
126 2
127 2
128 1
129 1
130 5
131 2
132 1
133 1
134 2
135 1
136 1
137 1
138 1
139 1
140 1
143 1
145 2
153 1
X^2: 884350
My Hash
1 5184
2 3534
3 2235
4 1411
5 929
6 679
7 483
8 422
9 375
10 306
11 270
12 239
13 223
14 206
15 177
16 137
17 147
18 111
19 94
20 82
21 68
22 52
23 57
24 47
25 41
26 34
27 41
28 40
29 35
30 31
31 20
32 22
33 21
34 21
35 17
36 17
37 15
38 14
39 16
40 16
41 14
42 9
43 16
44 8
45 13
46 15
47 7
48 12
49 19
50 17
51 17
52 15
53 14
54 9
55 25
56 17
57 10
58 22
59 11
60 18
61 17
62 15
63 19
64 12
65 16
66 10
67 10
68 11
69 17
70 24
71 20
72 12
73 8
74 14
75 15
76 9
77 13
78 16
79 10
80 13
81 17
82 16
83 7
84 12
85 11
86 13
87 7
88 17
89 5
90 8
91 19
92 6
93 4
94 12
95 5
96 12
97 5
98 6
99 5
100 13
101 4
102 9
103 5
104 6
105 6
106 4
107 6
108 8
109 11
110 5
111 3
112 7
113 6
114 7
115 10
116 5
117 7
118 3
119 5
120 2
121 4
122 4
123 4
124 2
125 4
126 3
127 2
128 1
129 3
130 4
131 1
133 1
135 2
136 1
138 2
140 1
141 1
145 1
149 1
150 1
X^2: 923436
Expected Value: 25.888
Capacity: 6151
Super Fast Hash
1 112
2 177
3 243
4 276
5 268
6 271
7 278
8 240
9 222
10 208
11 203
12 139
13 163
14 183
15 163
16 152
17 139
18 137
19 122
20 96
21 116
22 90
23 100
24 90
25 71
26 74
27 60
28 55
29 61
30 58
31 47
32 59
33 49
34 35
35 37
36 47
37 31
38 33
39 44
40 38
41 31
42 26
43 28
44 27
45 33
46 30
47 29
48 21
49 18
50 25
51 21
52 20
53 16
54 18
55 16
56 18
57 18
58 15
59 21
60 12
61 11
62 10
63 11
64 23
65 17
66 15
67 12
68 12
69 10
70 13
71 11
72 12
73 7
74 8
75 10
76 8
77 12
78 17
79 6
80 9
81 7
82 8
83 16
84 12
85 5
86 9
87 8
88 7
89 4
90 12
91 8
92 11
93 7
94 8
95 6
96 10
97 9
98 7
99 7
100 5
101 3
102 7
103 6
104 7
105 6
106 4
107 7
108 4
109 4
110 6
111 11
112 10
113 8
114 11
115 5
116 10
117 6
118 7
119 7
120 4
121 7
122 4
123 5
124 5
125 8
126 6
127 3
128 4
129 6
130 3
131 1
132 3
133 6
134 5
135 3
136 6
137 5
138 1
139 2
140 4
141 3
142 3
143 2
144 4
145 5
146 3
147 2
150 1
151 6
152 2
153 2
154 1
155 2
158 2
159 1
160 2
162 1
163 1
165 1
167 2
168 1
170 1
176 1
177 1
182 2
187 1
188 1
190 1
192 1
195 1
203 1
207 1
209 1
236 1
281 1
344 1
X^2: 224157
Book Hash
1 87
2 132
3 180
4 219
5 217
6 223
7 256
8 254
9 211
10 217
11 255
12 198
13 240
14 218
15 189
16 160
17 154
18 145
19 150
20 150
21 113
22 119
23 94
24 91
25 107
26 97
27 79
28 58
29 51
30 64
31 61
32 58
33 53
34 47
35 44
36 41
37 43
38 37
39 31
40 32
41 27
42 29
43 22
44 23
45 9
46 21
47 13
48 17
49 19
50 12
51 10
52 11
53 11
54 18
55 16
56 11
57 2
58 13
59 12
60 11
61 10
62 6
63 9
64 4
65 11
66 6
67 8
68 9
69 10
70 10
71 5
72 9
73 10
74 8
75 6
76 4
77 4
78 5
79 7
80 10
81 12
82 8
83 5
84 8
85 10
86 7
87 6
88 9
89 6
90 6
91 3
92 5
93 8
94 4
95 7
96 4
97 9
98 8
99 4
100 9
101 5
102 6
103 4
104 10
105 12
106 4
107 7
108 7
109 8
110 8
111 12
112 11
113 2
114 7
115 4
116 2
117 8
118 6
119 10
120 3
121 9
122 4
123 4
124 5
125 4
126 5
127 5
128 8
129 6
130 4
131 5
132 6
133 1
134 7
135 4
136 5
137 2
138 3
139 4
140 3
141 3
142 1
143 3
144 4
145 5
147 4
148 4
149 3
150 2
151 1
152 1
153 2
155 1
156 2
157 3
158 2
159 1
160 2
161 2
162 2
163 1
164 2
165 1
167 2
168 3
169 1
170 1
171 1
172 2
173 3
174 1
176 1
177 1
178 1
179 1
182 2
183 1
186 1
187 1
189 1
192 3
193 1
194 1
195 2
197 2
198 1
199 2
201 1
202 2
204 1
205 1
207 2
209 1
212 1
214 2
219 1
X^2: 241062
Cat Hash
1 125
2 155
3 252
4 255
5 266
6 255
7 214
8 220
9 234
10 196
11 182
12 192
13 203
14 187
15 172
16 160
17 157
18 180
19 128
20 138
21 132
22 112
23 125
24 92
25 99
26 85
27 84
28 57
29 71
30 57
31 65
32 50
33 33
34 41
35 35
36 36
37 25
38 28
39 26
40 32
41 23
42 24
43 13
44 17
45 20
46 18
47 16
48 15
49 16
50 13
51 11
52 15
53 18
54 9
55 14
56 11
57 11
58 12
59 10
60 9
61 4
62 6
63 8
64 8
65 6
66 7
67 6
68 7
69 15
70 11
71 8
72 6
73 4
74 10
75 6
76 8
77 14
78 8
79 8
80 7
81 13
82 10
83 10
84 10
85 9
86 13
87 8
88 7
89 9
90 13
91 5
92 8
93 8
94 9
95 2
96 7
97 12
98 7
99 5
100 7
101 11
102 8
103 6
104 12
105 10
106 12
107 8
108 5
109 10
110 6
111 8
112 7
113 6
114 8
115 8
116 5
117 5
118 4
119 13
120 3
121 8
122 9
123 4
124 7
125 9
126 6
127 3
128 4
129 7
130 4
131 5
132 4
133 2
134 2
135 9
136 4
137 3
138 1
139 1
140 8
141 4
142 1
143 1
144 4
145 2
146 2
147 1
148 2
149 1
150 2
151 1
152 5
153 2
154 2
155 1
156 2
157 2
158 2
159 3
160 1
161 4
162 1
163 1
165 1
166 1
167 2
170 3
171 1
173 1
176 1
179 2
180 1
181 1
185 1
186 1
189 1
191 1
194 1
201 2
202 1
220 1
222 1
224 1
226 1
227 1
236 1
238 1
240 1
241 2
255 1
256 1
277 1
352 1
X^2: 250959
My Hash
1 45
2 106
3 201
4 228
5 247
6 267
7 267
8 252
9 249
10 223
11 228
12 185
13 195
14 176
15 179
16 181
17 147
18 193
19 158
20 146
21 137
22 123
23 130
24 93
25 104
26 65
27 72
28 55
29 65
30 45
31 51
32 43
33 29
34 40
35 39
36 32
37 25
38 35
39 27
40 22
41 26
42 20
43 13
44 20
45 18
46 15
47 24
48 21
49 18
50 14
51 11
52 14
53 15
54 19
55 6
56 13
57 7
58 13
59 11
60 12
61 12
62 10
63 13
64 12
65 16
66 11
67 12
68 10
69 17
70 16
71 14
72 8
73 8
74 5
75 9
76 11
77 11
78 9
79 15
80 9
81 9
82 12
83 15
84 9
85 6
86 10
87 10
88 17
89 11
90 10
91 10
92 6
93 14
94 9
95 5
96 7
97 12
98 7
99 11
100 7
101 6
102 9
103 6
104 12
105 7
106 5
107 11
108 9
109 1
110 8
111 7
112 3
113 8
114 6
115 9
116 7
117 6
118 12
119 9
120 6
121 8
122 13
123 8
124 4
125 4
126 8
127 6
128 3
129 2
130 8
131 3
132 5
133 5
134 7
135 6
136 3
137 1
138 4
139 2
140 4
141 4
142 3
143 1
144 5
145 4
146 2
147 6
148 4
150 1
152 3
153 1
154 2
155 2
156 1
157 3
160 1
163 1
164 1
X^2: 207630
